12
Numpy Matrix is:
[[ 3 43  3 43  3 43  3 43  3 43  3 43]
 [ 3 43  3 43  3 43  3 43  3 43  3 43]
 [ 3 43  3 43  3 43  3 43  3 43  3 43]
 [ 3 43  3 43  3 43  3 43  3 43  3 43]
 [ 3 43  3 43  3 43  3 43  3 43  3 43]
 [ 3 43  3 43  3 43  3 43  3 43  3 43]
 [ 3 43  3 43  3 43  3 43  3 43  3 43]
 [ 3 43  3 43  3 43  3 43  3 43  3 43]
 [ 3 43  3 43  3 43  3 43  3 43  3 43]
 [ 3 43  3 43  3 43  3 43  3 43  3 43]
 [ 3 43  3 43  3 43  3 43  3 43  3 43]
 [ 3 43  3 43  3 43  3 43  3 43  3 43]]

 Determinante con numpy:
0

 Determinante con iterativo:
0
--- 3.695487976074219e-05 seconds ---

 Determinante con recursivo:
0.0
--- 654.2616431713104 seconds ---
