24
Numpy Matrix is:
[[ 3 43  3 43  3 43  3 43  3 43  3 43  3 43  3 43  3 43  3 43  3 43  3 43]
 [ 3 43  3 43  3 43  3 43  3 43  3 43  3 43  3 43  3 43  3 43  3 43  3 43]
 [ 3 43  3 43  3 43  3 43  3 43  3 43  3 43  3 43  3 43  3 43  3 43  3 43]
 [ 3 43  3 43  3 43  3 43  3 43  3 43  3 43  3 43  3 43  3 43  3 43  3 43]
 [ 3 43  3 43  3 43  3 43  3 43  3 43  3 43  3 43  3 43  3 43  3 43  3 43]
 [ 3 43  3 43  3 43  3 43  3 43  3 43  3 43  3 43  3 43  3 43  3 43  3 43]
 [ 3 43  3 43  3 43  3 43  3 43  3 43  3 43  3 43  3 43  3 43  3 43  3 43]
 [ 3 43  3 43  3 43  3 43  3 43  3 43  3 43  3 43  3 43  3 43  3 43  3 43]
 [ 3 43  3 43  3 43  3 43  3 43  3 43  3 43  3 43  3 43  3 43  3 43  3 43]
 [ 3 43  3 43  3 43  3 43  3 43  3 43  3 43  3 43  3 43  3 43  3 43  3 43]
 [ 3 43  3 43  3 43  3 43  3 43  3 43  3 43  3 43  3 43  3 43  3 43  3 43]
 [ 3 43  3 43  3 43  3 43  3 43  3 43  3 43  3 43  3 43  3 43  3 43  3 43]
 [ 3 43  3 43  3 43  3 43  3 43  3 43  3 43  3 43  3 43  3 43  3 43  3 43]
 [ 3 43  3 43  3 43  3 43  3 43  3 43  3 43  3 43  3 43  3 43  3 43  3 43]
 [ 3 43  3 43  3 43  3 43  3 43  3 43  3 43  3 43  3 43  3 43  3 43  3 43]
 [ 3 43  3 43  3 43  3 43  3 43  3 43  3 43  3 43  3 43  3 43  3 43  3 43]
 [ 3 43  3 43  3 43  3 43  3 43  3 43  3 43  3 43  3 43  3 43  3 43  3 43]
 [ 3 43  3 43  3 43  3 43  3 43  3 43  3 43  3 43  3 43  3 43  3 43  3 43]
 [ 3 43  3 43  3 43  3 43  3 43  3 43  3 43  3 43  3 43  3 43  3 43  3 43]
 [ 3 43  3 43  3 43  3 43  3 43  3 43  3 43  3 43  3 43  3 43  3 43  3 43]
 [ 3 43  3 43  3 43  3 43  3 43  3 43  3 43  3 43  3 43  3 43  3 43  3 43]
 [ 3 43  3 43  3 43  3 43  3 43  3 43  3 43  3 43  3 43  3 43  3 43  3 43]
 [ 3 43  3 43  3 43  3 43  3 43  3 43  3 43  3 43  3 43  3 43  3 43  3 43]
 [ 3 43  3 43  3 43  3 43  3 43  3 43  3 43  3 43  3 43  3 43  3 43  3 43]]

 Determinante con numpy:
0

 Determinante con iterativo:
0
--- 0.00011706352233886719 seconds ---
