% Path con n=100 nodes y m=99 arcos 100 100 2451
100 2451
1 3
1 4
1 6
1 7
1 8
1 10
1 11
1 12
1 13
1 15
1 16
1 23
1 25
1 29
1 31
1 32
1 33
1 35
1 36
1 37
1 39
1 40
1 43
1 45
1 47
1 48
1 52
1 53
1 55
1 56
1 58
1 59
1 60
1 62
1 66
1 71
1 72
1 76
1 77
1 79
1 82
1 88
1 90
1 91
1 93
1 94
1 97
1 99
2 6
2 9
2 10
2 12
2 17
2 18
2 19
2 20
2 22
2 23
2 25
2 26
2 28
2 29
2 30
2 32
2 35
2 36
2 39
2 43
2 45
2 48
2 49
2 53
2 55
2 56
2 57
2 59
2 61
2 62
2 63
2 66
2 69
2 70
2 71
2 72
2 75
2 76
2 77
2 79
2 81
2 83
2 84
2 87
2 89
2 91
2 93
2 94
2 95
2 96
3 6
3 10
3 13
3 15
3 17
3 19
3 20
3 24
3 29
3 30
3 33
3 34
3 35
3 40
3 41
3 42
3 43
3 59
3 61
3 62
3 63
3 66
3 67
3 68
3 69
3 70
3 71
3 74
3 77
3 80
3 81
3 82
3 83
3 88
3 94
3 96
3 97
4 5
4 6
4 8
4 14
4 15
4 18
4 20
4 21
4 22
4 26
4 28
4 29
4 30
4 35
4 37
4 39
4 40
4 41
4 45
4 46
4 47
4 49
4 50
4 51
4 52
4 53
4 54
4 57
4 60
4 61
4 64
4 65
4 66
4 69
4 71
4 74
4 75
4 79
4 80
4 90
4 93
4 94
4 95
4 97
4 98
4 99
4 100
5 6
5 7
5 9
5 10
5 11
5 12
5 14
5 18
5 20
5 21
5 23
5 25
5 27
5 31
5 32
5 35
5 36
5 37
5 39
5 40
5 44
5 46
5 47
5 49
5 50
5 53
5 62
5 63
5 65
5 66
5 69
5 72
5 73
5 77
5 79
5 80
5 84
5 85
5 86
5 88
5 91
5 92
5 96
5 97
5 98
6 7
6 8
6 10
6 14
6 16
6 17
6 18
6 19
6 20
6 21
6 24
6 25
6 26
6 27
6 28
6 30
6 32
6 38
6 43
6 44
6 46
6 47
6 48
6 50
6 51
6 52
6 53
6 57
6 63
6 64
6 65
6 66
6 67
6 69
6 72
6 74
6 77
6 79
6 84
6 87
6 89
6 90
6 91
6 92
6 95
6 96
6 99
7 9
7 10
7 11
7 12
7 13
7 14
7 15
7 16
7 20
7 21
7 25
7 28
7 30
7 32
7 37
7 38
7 39
7 40
7 41
7 42
7 43
7 44
7 46
7 48
7 49
7 50
7 52
7 53
7 56
7 59
7 60
7 62
7 65
7 68
7 70
7 71
7 72
7 76
7 79
7 81
7 82
7 83
7 84
7 85
7 88
7 91
7 92
7 94
7 95
7 98
7 99
7 100
8 9
8 10
8 11
8 12
8 14
8 15
8 18
8 19
8 22
8 24
8 27
8 29
8 30
8 31
8 32
8 33
8 34
8 36
8 37
8 38
8 41
8 43
8 44
8 46
8 48
8 50
8 51
8 55
8 59
8 60
8 62
8 66
8 69
8 70
8 71
8 72
8 73
8 75
8 76
8 79
8 82
8 83
8 90
8 92
8 97
8 98
9 13
9 15
9 19
9 23
9 27
9 28
9 30
9 31
9 32
9 33
9 36
9 40
9 41
9 43
9 44
9 45
9 53
9 60
9 62
9 63
9 65
9 66
9 70
9 72
9 75
9 77
9 78
9 81
9 83
9 85
9 86
9 87
9 89
9 90
9 91
9 94
9 95
9 96
9 97
9 99
9 100
10 11
10 14
10 15
10 17
10 18
10 20
10 21
10 26
10 27
10 30
10 31
10 32
10 34
10 35
10 37
10 38
10 39
10 43
10 45
10 47
10 49
10 51
10 54
10 55
10 57
10 60
10 61
10 62
10 64
10 65
10 66
10 69
10 71
10 72
10 79
10 86
10 91
10 93
10 95
10 98
10 99
10 100
11 12
11 13
11 15
11 17
11 19
11 20
11 22
11 24
11 26
11 27
11 29
11 30
11 34
11 39
11 41
11 43
11 45
11 47
11 48
11 49
11 52
11 53
11 54
11 55
11 56
11 61
11 62
11 64
11 65
11 68
11 69
11 70
11 71
11 78
11 80
11 81
11 83
11 89
11 90
11 92
11 94
11 99
12 15
12 16
12 18
12 19
12 20
12 21
12 24
12 25
12 28
12 30
12 32
12 35
12 36
12 38
12 39
12 42
12 47
12 49
12 50
12 52
12 53
12 54
12 55
12 62
12 63
12 64
12 71
12 73
12 74
12 76
12 77
12 78
12 79
12 80
12 82
12 83
12 85
12 87
12 91
12 98
12 99
13 14
13 19
13 20
13 21
13 22
13 24
13 25
13 28
13 30
13 32
13 33
13 35
13 37
13 39
13 40
13 42
13 44
13 47
13 48
13 50
13 56
13 58
13 61
13 64
13 68
13 69
13 72
13 73
13 77
13 78
13 79
13 80
13 82
13 83
13 87
13 88
13 90
13 93
13 94
13 95
13 99
14 17
14 18
14 19
14 20
14 23
14 25
14 27
14 28
14 29
14 32
14 37
14 38
14 41
14 42
14 47
14 48
14 49
14 51
14 52
14 55
14 57
14 58
14 59
14 60
14 65
14 67
14 69
14 70
14 75
14 78
14 79
14 82
14 88
14 89
14 91
14 93
14 94
14 96
14 98
14 100
15 16
15 20
15 21
15 22
15 28
15 29
15 30
15 31
15 32
15 34
15 39
15 41
15 42
15 46
15 48
15 49
15 53
15 58
15 60
15 61
15 65
15 66
15 69
15 70
15 71
15 73
15 74
15 77
15 78
15 80
15 82
15 83
15 87
15 92
15 95
15 96
15 97
16 17
16 20
16 23
16 24
16 27
16 28
16 32
16 33
16 34
16 41
16 44
16 48
16 49
16 50
16 52
16 54
16 55
16 56
16 58
16 61
16 62
16 63
16 65
16 66
16 67
16 68
16 70
16 71
16 72
16 76
16 78
16 79
16 83
16 85
16 86
16 88
16 93
16 94
16 97
16 98
16 99
16 100
17 20
17 23
17 24
17 27
17 28
17 29
17 30
17 32
17 33
17 34
17 39
17 43
17 47
17 48
17 49
17 52
17 53
17 58
17 59
17 60
17 61
17 62
17 63
17 65
17 66
17 70
17 71
17 73
17 75
17 78
17 79
17 83
17 84
17 93
17 97
18 19
18 23
18 24
18 25
18 27
18 28
18 29
18 30
18 31
18 34
18 35
18 37
18 39
18 40
18 41
18 43
18 46
18 47
18 48
18 50
18 52
18 54
18 56
18 57
18 58
18 59
18 60
18 61
18 62
18 63
18 65
18 66
18 68
18 69
18 71
18 72
18 73
18 74
18 76
18 77
18 78
18 80
18 81
18 86
18 87
18 89
18 90
18 93
18 95
18 97
18 99
18 100
19 20
19 21
19 22
19 23
19 26
19 30
19 31
19 33
19 35
19 36
19 37
19 40
19 43
19 45
19 46
19 47
19 48
19 52
19 54
19 55
19 56
19 57
19 58
19 62
19 65
19 67
19 68
19 69
19 70
19 71
19 73
19 78
19 79
19 82
19 84
19 86
19 90
19 91
19 99
20 21
20 23
20 27
20 28
20 30
20 31
20 34
20 35
20 40
20 44
20 46
20 49
20 50
20 54
20 56
20 58
20 59
20 61
20 62
20 63
20 66
20 67
20 68
20 72
20 73
20 76
20 78
20 81
20 83
20 84
20 86
20 88
20 89
20 92
20 95
20 96
21 22
21 23
21 24
21 25
21 26
21 28
21 29
21 30
21 35
21 36
21 39
21 41
21 42
21 43
21 47
21 48
21 50
21 52
21 53
21 54
21 56
21 57
21 58
21 59
21 62
21 64
21 68
21 70
21 71
21 74
21 75
21 78
21 79
21 81
21 83
21 84
21 85
21 86
21 90
21 91
21 92
21 93
21 94
21 95
21 97
21 98
22 24
22 28
22 30
22 31
22 33
22 34
22 35
22 37
22 38
22 40
22 41
22 44
22 45
22 46
22 47
22 51
22 53
22 55
22 56
22 59
22 61
22 64
22 65
22 66
22 67
22 69
22 73
22 74
22 77
22 78
22 79
22 83
22 88
22 89
22 90
22 93
22 94
22 96
22 98
22 99
22 100
23 26
23 27
23 32
23 33
23 36
23 37
23 39
23 40
23 43
23 44
23 45
23 47
23 51
23 52
23 53
23 55
23 56
23 58
23 59
23 60
23 61
23 62
23 63
23 65
23 66
23 67
23 72
23 80
23 83
23 87
23 90
23 92
23 93
23 95
23 96
23 97
23 99
23 100
24 26
24 27
24 29
24 32
24 33
24 36
24 38
24 41
24 42
24 43
24 44
24 46
24 47
24 48
24 50
24 52
24 54
24 57
24 58
24 59
24 60
24 61
24 62
24 65
24 67
24 68
24 74
24 76
24 77
24 80
24 83
24 87
24 88
24 91
24 94
24 95
24 96
24 97
24 99
24 100
25 27
25 28
25 29
25 30
25 31
25 34
25 36
25 37
25 38
25 39
25 40
25 41
25 43
25 47
25 50
25 51
25 52
25 56
25 58
25 60
25 63
25 64
25 65
25 66
25 69
25 72
25 74
25 77
25 78
25 79
25 84
25 85
25 86
25 91
25 92
25 93
25 94
25 95
25 96
25 97
25 98
25 99
26 27
26 28
26 29
26 30
26 37
26 39
26 42
26 43
26 46
26 49
26 50
26 51
26 54
26 55
26 56
26 57
26 61
26 62
26 63
26 64
26 67
26 70
26 71
26 72
26 74
26 75
26 77
26 87
26 88
26 90
26 94
26 97
26 98
26 99
26 100
27 29
27 30
27 31
27 32
27 34
27 36
27 38
27 39
27 40
27 41
27 43
27 45
27 46
27 49
27 53
27 56
27 60
27 61
27 64
27 66
27 70
27 71
27 72
27 73
27 75
27 76
27 77
27 80
27 86
27 88
27 89
27 90
27 91
27 92
27 95
27 96
27 97
27 98
27 99
27 100
28 29
28 33
28 36
28 37
28 38
28 41
28 44
28 45
28 50
28 52
28 53
28 62
28 63
28 64
28 65
28 67
28 68
28 69
28 72
28 73
28 75
28 76
28 78
28 79
28 81
28 95
28 96
28 97
29 32
29 33
29 35
29 37
29 41
29 42
29 43
29 44
29 45
29 47
29 51
29 52
29 54
29 55
29 58
29 59
29 62
29 63
29 65
29 66
29 67
29 69
29 70
29 71
29 76
29 77
29 78
29 79
29 80
29 82
29 83
29 84
29 85
29 86
29 87
29 90
29 94
29 97
29 98
29 100
30 34
30 35
30 36
30 37
30 38
30 39
30 41
30 42
30 45
30 48
30 49
30 50
30 53
30 57
30 58
30 60
30 63
30 65
30 67
30 69
30 70
30 73
30 74
30 76
30 77
30 80
30 82
30 83
30 84
30 85
30 86
30 87
30 88
30 93
30 94
30 96
30 97
30 99
31 32
31 34
31 36
31 38
31 43
31 46
31 47
31 48
31 51
31 52
31 53
31 56
31 59
31 60
31 63
31 64
31 67
31 68
31 69
31 71
31 72
31 73
31 75
31 76
31 77
31 78
31 79
31 81
31 84
31 86
31 87
31 89
31 90
31 92
31 94
31 95
31 96
31 97
31 100
32 36
32 37
32 38
32 41
32 45
32 46
32 47
32 51
32 52
32 55
32 56
32 61
32 66
32 67
32 68
32 69
32 72
32 73
32 79
32 81
32 82
32 83
32 84
32 93
32 95
32 99
33 37
33 40
33 41
33 44
33 45
33 49
33 50
33 51
33 53
33 54
33 55
33 57
33 59
33 61
33 64
33 65
33 67
33 73
33 74
33 75
33 76
33 77
33 80
33 81
33 82
33 88
33 89
33 90
33 92
33 94
33 97
33 98
33 99
33 100
34 35
34 38
34 39
34 42
34 43
34 44
34 46
34 48
34 51
34 53
34 55
34 56
34 57
34 64
34 67
34 68
34 70
34 71
34 72
34 74
34 75
34 76
34 77
34 78
34 79
34 81
34 83
34 84
34 85
34 89
34 90
34 91
34 93
34 94
34 96
34 98
35 37
35 38
35 39
35 44
35 45
35 46
35 49
35 51
35 52
35 54
35 56
35 59
35 60
35 61
35 63
35 65
35 66
35 67
35 68
35 70
35 72
35 73
35 77
35 80
35 83
35 84
35 85
35 86
35 87
35 89
35 91
35 94
35 98
35 99
36 37
36 40
36 41
36 42
36 44
36 51
36 53
36 62
36 63
36 65
36 66
36 69
36 70
36 71
36 76
36 77
36 78
36 79
36 82
36 83
36 87
36 89
36 90
36 92
36 95
36 96
36 98
36 99
36 100
37 38
37 39
37 42
37 44
37 46
37 47
37 48
37 52
37 53
37 54
37 55
37 56
37 58
37 59
37 60
37 61
37 62
37 64
37 70
37 71
37 72
37 73
37 74
37 77
37 78
37 79
37 81
37 88
37 90
37 92
37 95
37 96
37 97
37 98
38 42
38 45
38 47
38 48
38 50
38 51
38 52
38 53
38 54
38 57
38 58
38 59
38 60
38 61
38 71
38 72
38 76
38 81
38 83
38 84
38 85
38 89
38 90
38 91
38 92
38 93
38 95
38 96
38 97
38 98
38 100
39 40
39 42
39 44
39 45
39 46
39 47
39 48
39 49
39 51
39 54
39 55
39 58
39 60
39 61
39 62
39 63
39 64
39 66
39 67
39 69
39 70
39 71
39 73
39 75
39 77
39 78
39 83
39 86
39 88
39 89
39 91
39 93
39 95
39 96
39 97
39 98
40 41
40 42
40 43
40 46
40 47
40 49
40 50
40 53
40 54
40 55
40 56
40 58
40 59
40 60
40 61
40 62
40 63
40 65
40 66
40 67
40 68
40 69
40 71
40 72
40 74
40 77
40 81
40 87
40 90
40 91
40 93
40 94
40 97
40 98
40 99
41 44
41 47
41 48
41 49
41 50
41 52
41 53
41 54
41 55
41 56
41 57
41 58
41 59
41 60
41 61
41 62
41 64
41 66
41 71
41 73
41 74
41 78
41 79
41 81
41 84
41 86
41 89
41 90
41 93
41 98
41 99
42 43
42 44
42 46
42 48
42 51
42 52
42 53
42 55
42 56
42 59
42 60
42 63
42 64
42 65
42 69
42 74
42 75
42 76
42 79
42 80
42 84
42 85
42 86
42 87
42 92
42 97
43 47
43 48
43 49
43 51
43 52
43 54
43 55
43 58
43 60
43 61
43 62
43 63
43 65
43 67
43 68
43 69
43 71
43 76
43 83
43 84
43 85
43 86
43 87
43 88
43 90
43 91
43 92
43 93
43 95
43 96
43 97
44 45
44 46
44 49
44 51
44 52
44 56
44 58
44 60
44 62
44 64
44 65
44 67
44 70
44 71
44 72
44 73
44 74
44 76
44 77
44 78
44 79
44 80
44 81
44 83
44 86
44 87
44 88
44 90
44 91
44 92
44 97
44 99
44 100
45 47
45 49
45 51
45 52
45 53
45 54
45 55
45 56
45 57
45 58
45 60
45 61
45 64
45 67
45 70
45 76
45 78
45 82
45 83
45 84
45 85
45 86
45 87
45 90
45 91
45 92
45 94
45 97
45 99
46 47
46 49
46 50
46 51
46 55
46 57
46 58
46 59
46 60
46 62
46 67
46 68
46 69
46 72
46 75
46 78
46 80
46 83
46 84
46 85
46 86
46 87
46 92
46 94
46 98
46 99
46 100
47 48
47 49
47 50
47 51
47 52
47 53
47 54
47 55
47 63
47 66
47 67
47 70
47 71
47 72
47 73
47 75
47 77
47 79
47 80
47 83
47 87
47 88
47 91
47 92
47 93
47 96
47 97
47 99
48 51
48 52
48 54
48 56
48 58
48 60
48 65
48 66
48 67
48 68
48 70
48 75
48 81
48 82
48 85
48 87
48 89
48 90
48 95
48 97
48 100
49 50
49 51
49 52
49 55
49 57
49 60
49 61
49 63
49 64
49 66
49 67
49 70
49 72
49 73
49 75
49 77
49 78
49 79
49 80
49 83
49 84
49 85
49 86
49 87
49 89
49 90
49 93
49 99
50 52
50 53
50 54
50 56
50 61
50 64
50 66
50 69
50 72
50 76
50 77
50 78
50 79
50 83
50 86
50 87
50 88
50 89
50 91
50 92
50 93
50 94
50 97
50 98
50 99
51 52
51 56
51 61
51 62
51 64
51 65
51 68
51 69
51 71
51 75
51 78
51 83
51 89
51 95
51 98
51 99
52 55
52 57
52 58
52 62
52 64
52 66
52 68
52 69
52 71
52 72
52 73
52 74
52 80
52 81
52 82
52 86
52 88
52 89
52 93
52 94
52 95
52 98
52 100
53 55
53 56
53 60
53 63
53 66
53 67
53 69
53 71
53 78
53 80
53 85
53 86
53 87
53 89
53 90
53 91
53 93
53 97
54 60
54 61
54 62
54 64
54 65
54 66
54 67
54 70
54 73
54 76
54 77
54 78
54 81
54 83
54 85
54 89
54 91
54 92
54 94
54 95
55 57
55 58
55 59
55 62
55 63
55 65
55 66
55 67
55 68
55 70
55 71
55 72
55 74
55 75
55 79
55 82
55 84
55 86
55 87
55 88
55 89
55 90
55 92
55 98
56 57
56 60
56 62
56 63
56 64
56 69
56 71
56 72
56 73
56 74
56 75
56 76
56 77
56 79
56 80
56 82
56 83
56 85
56 89
56 90
56 93
56 96
56 97
56 99
56 100
57 58
57 59
57 60
57 61
57 63
57 65
57 66
57 67
57 68
57 71
57 72
57 76
57 77
57 78
57 80
57 81
57 82
57 86
57 88
57 91
57 93
57 95
57 98
57 99
57 100
58 61
58 62
58 65
58 69
58 73
58 74
58 75
58 77
58 78
58 79
58 80
58 81
58 82
58 85
58 87
58 88
58 92
58 93
58 94
58 95
58 96
58 97
58 100
59 60
59 62
59 63
59 65
59 68
59 69
59 70
59 71
59 72
59 73
59 74
59 75
59 77
59 80
59 83
59 84
59 87
59 88
59 89
59 91
59 92
59 94
59 96
59 100
60 64
60 66
60 68
60 69
60 71
60 72
60 79
60 80
60 81
60 82
60 85
60 87
60 88
60 91
60 93
60 94
60 95
60 97
60 98
60 99
60 100
61 64
61 67
61 70
61 71
61 74
61 75
61 79
61 80
61 82
61 85
61 87
61 89
61 92
61 94
61 98
61 100
62 63
62 66
62 67
62 69
62 71
62 74
62 75
62 76
62 77
62 78
62 79
62 81
62 83
62 84
62 86
62 87
62 89
62 93
62 94
62 96
62 98
63 64
63 65
63 66
63 67
63 70
63 71
63 76
63 77
63 78
63 82
63 83
63 84
63 85
63 90
63 92
63 96
63 97
63 98
63 99
63 100
64 66
64 69
64 70
64 72
64 74
64 81
64 82
64 85
64 86
64 88
64 89
64 90
64 92
64 93
64 94
64 96
64 97
64 99
64 100
65 67
65 70
65 71
65 74
65 75
65 76
65 83
65 84
65 85
65 86
65 89
65 91
65 94
65 96
65 97
65 98
65 99
66 67
66 68
66 69
66 71
66 72
66 73
66 74
66 77
66 80
66 81
66 83
66 84
66 92
66 93
66 94
66 95
66 96
66 100
67 69
67 71
67 72
67 73
67 74
67 78
67 79
67 80
67 82
67 85
67 86
67 97
67 99
67 100
68 69
68 75
68 76
68 82
68 83
68 84
68 85
68 86
68 88
68 89
68 90
68 91
68 92
68 94
68 96
68 97
68 99
68 100
69 72
69 75
69 77
69 82
69 84
69 87
69 89
69 90
69 92
69 93
69 96
69 97
69 98
70 72
70 74
70 78
70 79
70 83
70 85
70 86
70 87
70 89
70 90
70 91
70 92
70 94
71 73
71 78
71 80
71 87
71 88
71 89
71 90
71 91
71 93
71 94
71 95
71 97
71 100
72 75
72 76
72 77
72 78
72 79
72 80
72 89
72 98
72 99
72 100
73 74
73 79
73 80
73 82
73 85
73 88
73 90
73 91
73 95
73 98
74 78
74 79
74 82
74 84
74 91
74 92
74 93
74 94
74 96
74 97
74 99
74 100
75 77
75 78
75 79
75 83
75 84
75 85
75 86
75 89
75 90
75 91
75 94
75 99
76 78
76 79
76 80
76 87
76 88
76 89
76 90
76 94
76 97
76 100
77 78
77 79
77 85
77 89
77 90
77 91
77 93
77 94
77 96
77 98
77 100
78 79
78 80
78 85
78 86
78 87
78 88
78 90
78 91
78 94
78 96
78 97
78 100
79 83
79 84
79 87
79 88
79 89
79 91
79 93
79 96
80 86
80 90
80 91
80 92
80 93
80 94
80 97
80 98
80 99
81 83
81 84
81 86
81 88
81 89
81 90
81 91
81 93
81 98
81 99
81 100
82 85
82 89
82 90
82 91
82 92
82 95
82 98
82 99
83 85
83 86
83 87
83 93
83 96
83 98
83 100
84 86
84 89
84 91
84 97
85 90
85 91
85 95
85 97
85 99
85 100
86 87
86 92
86 95
86 97
86 98
86 99
86 100
87 90
87 93
87 96
87 98
87 99
87 100
88 89
88 90
88 92
88 94
88 95
89 90
89 91
89 92
89 93
89 95
89 97
89 98
89 99
90 91
90 93
90 94
90 95
90 96
90 97
90 99
90 100
91 92
91 93
91 94
91 95
91 96
91 97
91 98
92 93
92 94
92 96
92 98
92 100
93 96
93 97
93 98
93 100
95 96
95 97
95 98
95 99
95 100
97 98
97 99
98 100
99 100
