% Path con n=200 nodes y m=199 arcos
200 200 9916
1 2
1 4
1 6
1 7
1 8
1 9
1 10
1 12
1 16
1 17
1 20
1 23
1 24
1 25
1 26
1 27
1 30
1 32
1 36
1 37
1 38
1 39
1 40
1 41
1 43
1 44
1 45
1 47
1 48
1 49
1 50
1 51
1 52
1 53
1 54
1 56
1 59
1 60
1 62
1 63
1 65
1 66
1 68
1 76
1 78
1 79
1 80
1 82
1 84
1 87
1 89
1 90
1 91
1 92
1 94
1 95
1 96
1 97
1 99
1 102
1 104
1 105
1 106
1 107
1 111
1 113
1 116
1 119
1 121
1 122
1 124
1 125
1 126
1 127
1 133
1 134
1 135
1 138
1 140
1 143
1 144
1 146
1 148
1 151
1 155
1 157
1 159
1 160
1 161
1 162
1 163
1 165
1 168
1 170
1 171
1 172
1 176
1 177
1 178
1 182
1 183
1 184
1 185
1 186
1 189
1 192
1 193
1 195
1 198
1 199
2 3
2 6
2 7
2 10
2 12
2 14
2 15
2 18
2 22
2 23
2 24
2 27
2 28
2 29
2 30
2 31
2 32
2 36
2 39
2 40
2 41
2 42
2 44
2 46
2 47
2 48
2 50
2 52
2 56
2 59
2 61
2 63
2 64
2 66
2 70
2 71
2 72
2 73
2 74
2 77
2 79
2 80
2 82
2 84
2 85
2 90
2 91
2 92
2 94
2 102
2 103
2 105
2 106
2 107
2 108
2 109
2 111
2 114
2 116
2 119
2 122
2 126
2 127
2 129
2 130
2 131
2 132
2 133
2 134
2 135
2 136
2 137
2 138
2 141
2 144
2 147
2 148
2 151
2 153
2 154
2 156
2 157
2 158
2 159
2 160
2 162
2 164
2 166
2 167
2 168
2 169
2 170
2 172
2 173
2 180
2 186
2 187
2 188
2 189
2 190
2 191
2 194
2 195
2 197
2 199
2 200
3 5
3 6
3 7
3 9
3 11
3 15
3 16
3 17
3 18
3 19
3 22
3 23
3 24
3 28
3 29
3 31
3 33
3 35
3 36
3 37
3 38
3 39
3 40
3 44
3 45
3 46
3 50
3 51
3 52
3 55
3 57
3 58
3 59
3 60
3 62
3 63
3 64
3 65
3 66
3 67
3 69
3 72
3 74
3 77
3 78
3 79
3 80
3 83
3 84
3 85
3 90
3 91
3 93
3 94
3 100
3 101
3 104
3 108
3 110
3 113
3 114
3 118
3 119
3 122
3 124
3 127
3 128
3 130
3 131
3 132
3 133
3 134
3 135
3 136
3 138
3 140
3 142
3 144
3 145
3 151
3 152
3 153
3 154
3 155
3 160
3 161
3 162
3 163
3 164
3 167
3 168
3 171
3 172
3 173
3 175
3 177
3 179
3 181
3 182
3 184
3 186
3 189
3 192
3 193
3 195
3 198
4 6
4 10
4 12
4 16
4 17
4 19
4 24
4 26
4 31
4 32
4 34
4 37
4 38
4 39
4 44
4 46
4 47
4 48
4 50
4 51
4 53
4 54
4 55
4 56
4 57
4 58
4 65
4 67
4 68
4 69
4 71
4 77
4 78
4 79
4 80
4 84
4 89
4 90
4 91
4 93
4 96
4 98
4 100
4 102
4 103
4 105
4 106
4 108
4 112
4 120
4 122
4 125
4 127
4 132
4 134
4 135
4 137
4 139
4 140
4 141
4 142
4 144
4 145
4 148
4 150
4 151
4 153
4 155
4 156
4 158
4 161
4 163
4 165
4 166
4 168
4 171
4 175
4 179
4 182
4 183
4 184
4 189
4 190
4 191
4 192
4 193
4 195
4 198
5 8
5 9
5 10
5 11
5 12
5 16
5 17
5 18
5 22
5 23
5 24
5 25
5 26
5 27
5 28
5 29
5 31
5 32
5 33
5 34
5 36
5 37
5 41
5 42
5 46
5 50
5 52
5 53
5 60
5 61
5 63
5 64
5 67
5 72
5 73
5 74
5 76
5 77
5 81
5 82
5 84
5 91
5 93
5 95
5 96
5 98
5 99
5 100
5 101
5 102
5 104
5 107
5 108
5 110
5 114
5 118
5 121
5 122
5 125
5 126
5 127
5 129
5 130
5 133
5 134
5 136
5 137
5 138
5 139
5 141
5 142
5 144
5 145
5 147
5 148
5 151
5 153
5 154
5 158
5 160
5 161
5 165
5 168
5 170
5 171
5 173
5 174
5 177
5 178
5 179
5 181
5 182
5 183
5 184
5 187
5 189
5 190
5 191
5 193
5 194
5 198
5 199
5 200
6 7
6 9
6 12
6 13
6 14
6 15
6 16
6 19
6 21
6 22
6 27
6 29
6 33
6 34
6 35
6 36
6 39
6 40
6 43
6 44
6 45
6 46
6 48
6 53
6 56
6 57
6 59
6 60
6 61
6 64
6 65
6 67
6 71
6 75
6 76
6 79
6 81
6 82
6 83
6 84
6 86
6 88
6 93
6 96
6 97
6 98
6 100
6 101
6 102
6 103
6 106
6 108
6 109
6 110
6 113
6 115
6 117
6 118
6 120
6 121
6 128
6 130
6 135
6 138
6 140
6 143
6 146
6 147
6 148
6 151
6 153
6 154
6 158
6 160
6 163
6 167
6 170
6 172
6 173
6 174
6 179
6 180
6 182
6 183
6 184
6 186
6 189
6 196
6 200
7 8
7 9
7 10
7 11
7 12
7 14
7 16
7 18
7 19
7 21
7 22
7 24
7 26
7 29
7 32
7 36
7 38
7 39
7 43
7 44
7 45
7 47
7 48
7 50
7 52
7 54
7 55
7 60
7 64
7 65
7 67
7 68
7 69
7 70
7 72
7 73
7 75
7 76
7 77
7 80
7 81
7 82
7 86
7 87
7 93
7 95
7 98
7 100
7 105
7 106
7 107
7 108
7 109
7 110
7 113
7 114
7 116
7 118
7 120
7 122
7 125
7 126
7 129
7 131
7 132
7 135
7 136
7 137
7 140
7 141
7 144
7 145
7 148
7 150
7 154
7 156
7 157
7 159
7 160
7 161
7 162
7 163
7 165
7 167
7 168
7 170
7 173
7 180
7 181
7 182
7 185
7 186
7 187
7 188
7 190
7 194
7 196
7 197
7 199
8 10
8 11
8 15
8 20
8 22
8 23
8 24
8 25
8 26
8 27
8 28
8 29
8 33
8 35
8 42
8 43
8 49
8 52
8 53
8 57
8 58
8 59
8 60
8 61
8 64
8 66
8 67
8 70
8 72
8 73
8 76
8 77
8 80
8 83
8 85
8 87
8 88
8 90
8 94
8 95
8 96
8 98
8 99
8 109
8 110
8 112
8 113
8 118
8 119
8 120
8 121
8 123
8 124
8 125
8 128
8 129
8 130
8 132
8 133
8 135
8 137
8 139
8 140
8 141
8 142
8 143
8 145
8 148
8 150
8 151
8 152
8 153
8 155
8 156
8 157
8 167
8 168
8 169
8 170
8 171
8 172
8 173
8 174
8 175
8 178
8 182
8 183
8 185
8 186
8 187
8 190
8 191
8 192
8 194
8 195
8 198
8 199
9 10
9 11
9 13
9 14
9 15
9 16
9 18
9 20
9 21
9 25
9 26
9 27
9 28
9 30
9 35
9 36
9 39
9 40
9 41
9 42
9 43
9 46
9 48
9 49
9 50
9 53
9 55
9 58
9 59
9 60
9 62
9 63
9 64
9 65
9 67
9 68
9 72
9 76
9 80
9 85
9 86
9 89
9 90
9 91
9 93
9 96
9 97
9 98
9 99
9 101
9 103
9 104
9 105
9 107
9 108
9 110
9 111
9 112
9 114
9 115
9 117
9 118
9 119
9 120
9 124
9 129
9 131
9 133
9 135
9 138
9 139
9 141
9 143
9 147
9 154
9 156
9 157
9 158
9 159
9 165
9 166
9 167
9 169
9 170
9 171
9 173
9 175
9 181
9 182
9 186
9 187
9 192
9 193
9 195
9 196
9 198
9 200
10 11
10 12
10 13
10 14
10 17
10 20
10 22
10 23
10 24
10 25
10 29
10 30
10 34
10 37
10 38
10 39
10 40
10 43
10 44
10 50
10 51
10 52
10 55
10 57
10 59
10 61
10 67
10 69
10 73
10 76
10 77
10 81
10 83
10 84
10 86
10 87
10 89
10 90
10 92
10 93
10 94
10 95
10 96
10 98
10 100
10 102
10 103
10 104
10 105
10 108
10 109
10 112
10 113
10 115
10 116
10 117
10 118
10 120
10 121
10 125
10 126
10 127
10 131
10 133
10 135
10 137
10 138
10 139
10 141
10 143
10 145
10 146
10 148
10 150
10 151
10 153
10 155
10 157
10 160
10 161
10 162
10 164
10 166
10 169
10 170
10 171
10 174
10 175
10 176
10 177
10 181
10 184
10 186
10 187
10 188
10 189
10 191
10 192
10 193
10 194
10 195
10 196
10 197
10 199
11 12
11 14
11 16
11 17
11 18
11 23
11 24
11 25
11 26
11 27
11 28
11 31
11 34
11 37
11 39
11 42
11 44
11 48
11 52
11 53
11 54
11 55
11 56
11 57
11 61
11 62
11 66
11 68
11 69
11 70
11 74
11 75
11 82
11 83
11 84
11 85
11 86
11 87
11 92
11 94
11 97
11 103
11 106
11 111
11 113
11 116
11 122
11 123
11 124
11 125
11 127
11 128
11 129
11 130
11 133
11 134
11 135
11 137
11 140
11 141
11 142
11 146
11 149
11 151
11 153
11 154
11 157
11 159
11 160
11 161
11 162
11 164
11 166
11 172
11 174
11 176
11 178
11 182
11 186
11 188
11 189
11 190
11 191
11 192
11 193
11 194
11 196
11 197
12 13
12 19
12 21
12 22
12 23
12 24
12 25
12 26
12 28
12 29
12 33
12 36
12 38
12 39
12 40
12 41
12 43
12 45
12 46
12 47
12 48
12 50
12 55
12 56
12 60
12 64
12 65
12 66
12 67
12 69
12 71
12 72
12 73
12 74
12 77
12 80
12 81
12 86
12 89
12 91
12 93
12 94
12 96
12 97
12 98
12 100
12 103
12 104
12 105
12 107
12 113
12 115
12 116
12 117
12 118
12 120
12 121
12 122
12 126
12 128
12 130
12 132
12 133
12 135
12 138
12 139
12 140
12 145
12 149
12 150
12 152
12 153
12 155
12 156
12 159
12 162
12 163
12 164
12 166
12 169
12 171
12 173
12 177
12 178
12 180
12 183
12 185
12 186
12 190
12 192
12 193
12 195
12 196
13 14
13 15
13 17
13 20
13 22
13 23
13 26
13 28
13 32
13 34
13 36
13 38
13 40
13 41
13 45
13 46
13 49
13 52
13 54
13 55
13 56
13 59
13 64
13 65
13 66
13 70
13 71
13 72
13 73
13 74
13 75
13 77
13 78
13 80
13 81
13 83
13 84
13 85
13 87
13 88
13 89
13 90
13 93
13 95
13 96
13 97
13 98
13 102
13 103
13 105
13 108
13 110
13 111
13 112
13 117
13 118
13 119
13 120
13 121
13 122
13 123
13 124
13 125
13 126
13 131
13 136
13 138
13 139
13 141
13 142
13 146
13 147
13 148
13 149
13 154
13 157
13 162
13 163
13 164
13 166
13 170
13 174
13 175
13 176
13 181
13 184
13 186
13 187
13 188
13 190
13 192
13 193
13 194
13 195
13 196
13 198
14 19
14 20
14 25
14 28
14 31
14 33
14 38
14 40
14 42
14 45
14 46
14 47
14 49
14 51
14 55
14 57
14 60
14 62
14 63
14 65
14 66
14 67
14 68
14 69
14 70
14 75
14 78
14 79
14 80
14 84
14 86
14 87
14 89
14 90
14 92
14 95
14 96
14 97
14 99
14 101
14 103
14 105
14 107
14 109
14 110
14 112
14 115
14 116
14 120
14 121
14 124
14 125
14 128
14 129
14 134
14 135
14 141
14 144
14 149
14 151
14 155
14 157
14 158
14 160
14 161
14 163
14 165
14 167
14 168
14 169
14 171
14 173
14 176
14 178
14 179
14 184
14 187
14 190
14 193
14 196
14 197
14 198
14 199
15 16
15 20
15 22
15 23
15 24
15 25
15 26
15 27
15 28
15 30
15 34
15 36
15 37
15 38
15 39
15 40
15 42
15 44
15 45
15 46
15 48
15 51
15 52
15 53
15 54
15 62
15 66
15 69
15 70
15 72
15 73
15 76
15 77
15 81
15 84
15 86
15 88
15 89
15 91
15 92
15 94
15 96
15 97
15 98
15 99
15 100
15 102
15 103
15 104
15 109
15 112
15 113
15 117
15 118
15 119
15 120
15 127
15 128
15 129
15 130
15 133
15 134
15 137
15 138
15 141
15 142
15 145
15 152
15 156
15 158
15 159
15 161
15 162
15 164
15 165
15 170
15 173
15 176
15 180
15 182
15 183
15 184
15 188
15 190
15 200
16 17
16 18
16 19
16 21
16 22
16 24
16 26
16 27
16 29
16 32
16 34
16 37
16 39
16 43
16 44
16 47
16 48
16 50
16 52
16 53
16 54
16 56
16 61
16 63
16 64
16 65
16 67
16 68
16 70
16 72
16 73
16 78
16 79
16 81
16 82
16 83
16 85
16 89
16 90
16 95
16 97
16 102
16 106
16 110
16 111
16 114
16 115
16 117
16 120
16 126
16 127
16 128
16 130
16 131
16 133
16 134
16 135
16 136
16 140
16 141
16 145
16 146
16 148
16 149
16 150
16 151
16 152
16 154
16 160
16 161
16 162
16 163
16 167
16 170
16 172
16 173
16 175
16 177
16 179
16 183
16 185
16 187
16 189
16 191
16 192
16 193
16 194
16 195
16 198
16 200
17 18
17 19
17 20
17 21
17 22
17 24
17 26
17 28
17 29
17 30
17 35
17 37
17 38
17 41
17 43
17 44
17 45
17 46
17 47
17 51
17 52
17 53
17 58
17 65
17 67
17 69
17 71
17 77
17 82
17 83
17 84
17 88
17 91
17 93
17 94
17 95
17 97
17 98
17 100
17 101
17 102
17 103
17 104
17 106
17 108
17 110
17 112
17 113
17 115
17 117
17 118
17 119
17 120
17 125
17 131
17 133
17 134
17 136
17 137
17 139
17 141
17 143
17 145
17 146
17 149
17 150
17 153
17 155
17 156
17 157
17 160
17 161
17 165
17 166
17 168
17 169
17 171
17 172
17 176
17 180
17 182
17 184
17 185
17 186
17 188
17 191
17 194
17 195
17 199
17 200
18 19
18 24
18 27
18 30
18 33
18 34
18 35
18 38
18 39
18 40
18 41
18 45
18 46
18 47
18 49
18 52
18 53
18 54
18 56
18 57
18 58
18 59
18 60
18 61
18 68
18 72
18 73
18 78
18 79
18 83
18 84
18 85
18 87
18 91
18 92
18 93
18 97
18 99
18 100
18 101
18 102
18 103
18 104
18 105
18 108
18 110
18 111
18 115
18 116
18 117
18 119
18 120
18 121
18 125
18 129
18 131
18 132
18 133
18 139
18 140
18 143
18 145
18 146
18 147
18 149
18 150
18 151
18 155
18 156
18 158
18 161
18 162
18 163
18 164
18 167
18 169
18 170
18 172
18 173
18 175
18 177
18 178
18 179
18 180
18 181
18 183
18 184
18 185
18 186
18 187
18 190
18 193
18 194
18 195
18 196
18 198
18 200
19 20
19 21
19 22
19 24
19 25
19 28
19 29
19 31
19 33
19 35
19 37
19 39
19 40
19 44
19 48
19 53
19 60
19 61
19 62
19 64
19 68
19 69
19 71
19 72
19 74
19 75
19 79
19 82
19 84
19 85
19 88
19 89
19 90
19 91
19 92
19 94
19 95
19 96
19 97
19 99
19 102
19 105
19 106
19 108
19 109
19 111
19 112
19 116
19 117
19 119
19 121
19 122
19 123
19 124
19 128
19 130
19 131
19 139
19 143
19 144
19 146
19 147
19 148
19 149
19 150
19 154
19 155
19 156
19 158
19 160
19 163
19 165
19 169
19 171
19 173
19 174
19 177
19 178
19 182
19 183
19 184
19 186
19 188
19 190
19 191
19 192
19 193
19 194
20 22
20 24
20 26
20 28
20 30
20 33
20 35
20 38
20 44
20 46
20 47
20 48
20 49
20 50
20 52
20 53
20 54
20 57
20 58
20 59
20 60
20 63
20 68
20 70
20 74
20 75
20 77
20 78
20 80
20 82
20 85
20 87
20 88
20 90
20 91
20 92
20 93
20 94
20 95
20 96
20 98
20 102
20 104
20 105
20 106
20 108
20 109
20 110
20 111
20 112
20 113
20 114
20 115
20 117
20 119
20 120
20 123
20 125
20 126
20 127
20 128
20 130
20 133
20 134
20 135
20 138
20 139
20 140
20 141
20 143
20 146
20 148
20 149
20 150
20 152
20 153
20 154
20 155
20 156
20 157
20 158
20 161
20 163
20 165
20 166
20 167
20 168
20 169
20 170
20 171
20 172
20 174
20 175
20 176
20 179
20 180
20 181
20 185
20 187
20 188
20 189
20 190
20 191
20 192
20 193
20 198
21 24
21 25
21 32
21 33
21 36
21 37
21 39
21 40
21 41
21 42
21 44
21 45
21 48
21 50
21 51
21 53
21 54
21 55
21 56
21 60
21 62
21 63
21 67
21 68
21 69
21 70
21 71
21 73
21 75
21 76
21 78
21 81
21 82
21 84
21 86
21 97
21 100
21 101
21 102
21 107
21 111
21 112
21 115
21 116
21 117
21 119
21 120
21 123
21 124
21 127
21 128
21 132
21 133
21 136
21 138
21 141
21 143
21 148
21 150
21 151
21 155
21 156
21 157
21 159
21 162
21 166
21 168
21 169
21 170
21 172
21 173
21 174
21 175
21 177
21 179
21 180
21 181
21 183
21 185
21 187
21 194
21 195
21 197
22 25
22 26
22 30
22 33
22 34
22 35
22 36
22 38
22 39
22 40
22 42
22 43
22 44
22 45
22 46
22 48
22 50
22 53
22 55
22 57
22 59
22 60
22 61
22 64
22 65
22 66
22 67
22 72
22 75
22 76
22 77
22 78
22 79
22 80
22 82
22 83
22 85
22 87
22 91
22 94
22 97
22 99
22 102
22 105
22 108
22 111
22 112
22 113
22 114
22 115
22 118
22 120
22 121
22 122
22 123
22 127
22 129
22 132
22 133
22 135
22 136
22 140
22 141
22 143
22 146
22 147
22 149
22 154
22 156
22 166
22 169
22 170
22 171
22 173
22 176
22 181
22 182
22 184
22 186
22 187
22 193
23 25
23 28
23 29
23 30
23 36
23 37
23 39
23 40
23 41
23 42
23 43
23 44
23 45
23 47
23 49
23 54
23 57
23 58
23 59
23 63
23 64
23 66
23 67
23 69
23 70
23 71
23 73
23 77
23 79
23 81
23 82
23 85
23 87
23 92
23 93
23 94
23 100
23 101
23 105
23 106
23 107
23 108
23 111
23 112
23 114
23 116
23 117
23 118
23 120
23 122
23 123
23 124
23 125
23 126
23 127
23 129
23 131
23 132
23 134
23 135
23 137
23 138
23 139
23 140
23 145
23 147
23 148
23 150
23 151
23 153
23 156
23 160
23 164
23 165
23 166
23 167
23 168
23 170
23 174
23 177
23 182
23 183
23 186
23 187
23 189
23 193
23 196
23 197
23 198
23 199
24 25
24 29
24 30
24 34
24 35
24 37
24 42
24 43
24 45
24 47
24 49
24 50
24 53
24 55
24 57
24 58
24 59
24 60
24 62
24 64
24 65
24 66
24 68
24 69
24 72
24 73
24 75
24 77
24 78
24 79
24 81
24 82
24 84
24 85
24 87
24 88
24 93
24 94
24 95
24 97
24 102
24 103
24 105
24 106
24 107
24 111
24 112
24 115
24 117
24 120
24 121
24 123
24 124
24 125
24 126
24 127
24 128
24 135
24 137
24 138
24 140
24 141
24 143
24 144
24 149
24 150
24 151
24 153
24 157
24 159
24 161
24 162
24 164
24 165
24 167
24 168
24 169
24 171
24 175
24 177
24 178
24 179
24 180
24 181
24 182
24 185
24 186
24 187
24 188
24 189
24 192
24 193
24 194
24 196
24 197
24 198
24 199
24 200
25 29
25 30
25 31
25 32
25 33
25 34
25 35
25 39
25 40
25 41
25 44
25 46
25 57
25 60
25 61
25 62
25 64
25 68
25 69
25 71
25 72
25 73
25 76
25 77
25 82
25 83
25 88
25 91
25 95
25 99
25 100
25 101
25 102
25 103
25 105
25 106
25 109
25 112
25 113
25 117
25 119
25 121
25 122
25 125
25 126
25 128
25 131
25 136
25 137
25 138
25 142
25 147
25 148
25 150
25 151
25 155
25 156
25 157
25 160
25 162
25 163
25 166
25 167
25 169
25 170
25 172
25 176
25 178
25 180
25 182
25 183
25 185
25 186
25 188
25 192
25 193
25 196
25 200
26 27
26 28
26 29
26 30
26 32
26 33
26 34
26 35
26 36
26 41
26 43
26 45
26 47
26 48
26 49
26 50
26 51
26 53
26 55
26 56
26 57
26 58
26 59
26 60
26 61
26 62
26 63
26 64
26 65
26 66
26 67
26 68
26 69
26 70
26 71
26 72
26 74
26 77
26 78
26 84
26 85
26 86
26 88
26 93
26 94
26 97
26 98
26 100
26 103
26 104
26 105
26 108
26 113
26 115
26 116
26 118
26 119
26 120
26 121
26 123
26 124
26 126
26 128
26 130
26 131
26 133
26 135
26 138
26 139
26 140
26 143
26 144
26 145
26 148
26 149
26 150
26 151
26 152
26 154
26 162
26 163
26 168
26 169
26 172
26 173
26 174
26 176
26 178
26 181
26 182
26 188
26 189
26 190
26 191
26 194
26 195
26 196
26 197
26 200
27 29
27 31
27 32
27 33
27 34
27 37
27 41
27 42
27 43
27 45
27 47
27 51
27 53
27 61
27 63
27 65
27 68
27 73
27 75
27 77
27 78
27 79
27 81
27 82
27 83
27 84
27 85
27 87
27 88
27 90
27 91
27 97
27 98
27 99
27 101
27 103
27 106
27 108
27 109
27 110
27 111
27 114
27 116
27 117
27 122
27 123
27 124
27 128
27 130
27 131
27 132
27 134
27 138
27 139
27 140
27 142
27 143
27 144
27 145
27 148
27 149
27 152
27 153
27 154
27 156
27 164
27 166
27 167
27 168
27 169
27 172
27 173
27 175
27 178
27 179
27 180
27 183
27 184
27 186
27 188
27 191
27 196
27 197
27 200
28 31
28 35
28 36
28 37
28 38
28 40
28 41
28 42
28 43
28 46
28 47
28 48
28 50
28 51
28 56
28 57
28 61
28 63
28 66
28 70
28 71
28 73
28 75
28 76
28 77
28 79
28 80
28 82
28 84
28 86
28 87
28 88
28 90
28 91
28 92
28 96
28 97
28 98
28 100
28 101
28 103
28 108
28 109
28 112
28 113
28 114
28 116
28 117
28 119
28 120
28 121
28 122
28 123
28 126
28 128
28 130
28 132
28 133
28 134
28 136
28 137
28 140
28 141
28 146
28 147
28 149
28 150
28 153
28 154
28 157
28 158
28 161
28 163
28 168
28 169
28 173
28 175
28 179
28 180
28 181
28 182
28 183
28 186
28 189
28 192
28 194
28 195
28 196
28 197
28 198
29 30
29 32
29 33
29 34
29 39
29 41
29 44
29 46
29 48
29 49
29 51
29 53
29 54
29 56
29 58
29 63
29 68
29 70
29 72
29 73
29 75
29 76
29 79
29 80
29 85
29 91
29 92
29 94
29 95
29 100
29 102
29 103
29 107
29 108
29 111
29 115
29 117
29 119
29 121
29 125
29 126
29 127
29 128
29 129
29 132
29 133
29 136
29 137
29 141
29 142
29 143
29 144
29 145
29 149
29 154
29 156
29 157
29 160
29 161
29 164
29 165
29 168
29 171
29 172
29 173
29 174
29 175
29 176
29 177
29 179
29 180
29 181
29 183
29 184
29 185
29 188
29 189
29 192
29 194
29 196
29 197
29 198
29 199
30 31
30 32
30 34
30 40
30 42
30 43
30 44
30 45
30 47
30 48
30 49
30 50
30 51
30 52
30 53
30 54
30 55
30 57
30 58
30 65
30 66
30 67
30 69
30 70
30 71
30 76
30 77
30 79
30 80
30 81
30 83
30 84
30 85
30 87
30 89
30 92
30 95
30 96
30 97
30 99
30 101
30 102
30 104
30 105
30 108
30 112
30 113
30 117
30 121
30 122
30 124
30 129
30 130
30 131
30 132
30 134
30 137
30 138
30 140
30 141
30 142
30 143
30 147
30 148
30 150
30 153
30 156
30 157
30 158
30 159
30 160
30 162
30 165
30 167
30 170
30 172
30 174
30 175
30 176
30 178
30 179
30 181
30 182
30 183
30 184
30 186
30 188
30 190
30 191
30 193
30 194
30 195
30 197
30 198
31 33
31 34
31 35
31 37
31 40
31 42
31 43
31 49
31 53
31 57
31 58
31 61
31 62
31 63
31 65
31 67
31 68
31 69
31 72
31 75
31 77
31 78
31 81
31 82
31 83
31 84
31 85
31 86
31 90
31 93
31 95
31 96
31 97
31 99
31 102
31 103
31 105
31 106
31 107
31 108
31 109
31 110
31 112
31 113
31 114
31 115
31 116
31 117
31 118
31 119
31 121
31 123
31 125
31 128
31 132
31 138
31 143
31 144
31 146
31 148
31 151
31 152
31 154
31 160
31 161
31 170
31 174
31 176
31 180
31 182
31 184
31 185
31 187
31 188
31 190
31 192
31 196
31 197
31 199
32 34
32 36
32 37
32 39
32 42
32 44
32 45
32 46
32 49
32 52
32 53
32 54
32 55
32 58
32 59
32 60
32 61
32 65
32 71
32 73
32 79
32 80
32 83
32 86
32 88
32 89
32 91
32 92
32 93
32 94
32 98
32 100
32 102
32 103
32 104
32 112
32 113
32 114
32 117
32 118
32 119
32 121
32 122
32 123
32 124
32 125
32 126
32 127
32 132
32 133
32 134
32 141
32 142
32 143
32 145
32 147
32 148
32 149
32 150
32 152
32 154
32 155
32 156
32 158
32 160
32 161
32 163
32 166
32 167
32 168
32 170
32 171
32 172
32 173
32 174
32 175
32 177
32 179
32 180
32 183
32 184
32 186
32 187
32 189
32 190
32 195
32 199
32 200
33 35
33 37
33 38
33 39
33 40
33 41
33 42
33 45
33 46
33 47
33 49
33 51
33 52
33 55
33 57
33 58
33 61
33 62
33 64
33 65
33 67
33 69
33 72
33 73
33 75
33 77
33 82
33 84
33 86
33 87
33 88
33 89
33 90
33 92
33 94
33 96
33 97
33 99
33 102
33 103
33 104
33 106
33 108
33 109
33 111
33 112
33 113
33 115
33 117
33 121
33 125
33 126
33 127
33 128
33 130
33 132
33 134
33 135
33 136
33 138
33 143
33 144
33 145
33 147
33 148
33 149
33 150
33 156
33 161
33 163
33 164
33 165
33 169
33 170
33 171
33 173
33 175
33 178
33 179
33 180
33 181
33 191
33 192
33 193
33 197
33 200
34 35
34 37
34 39
34 40
34 47
34 52
34 53
34 57
34 59
34 60
34 61
34 66
34 68
34 69
34 70
34 71
34 72
34 76
34 77
34 79
34 82
34 85
34 86
34 87
34 93
34 95
34 96
34 100
34 101
34 102
34 105
34 107
34 108
34 109
34 110
34 111
34 115
34 117
34 118
34 119
34 120
34 121
34 123
34 125
34 126
34 129
34 131
34 132
34 133
34 134
34 136
34 137
34 139
34 141
34 143
34 144
34 145
34 147
34 149
34 150
34 152
34 153
34 156
34 160
34 163
34 164
34 167
34 169
34 171
34 173
34 174
34 175
34 176
34 181
34 182
34 183
34 189
34 190
34 191
34 192
34 197
34 199
34 200
35 37
35 38
35 39
35 40
35 46
35 47
35 48
35 49
35 51
35 53
35 55
35 56
35 64
35 65
35 66
35 69
35 70
35 71
35 73
35 74
35 75
35 77
35 78
35 81
35 84
35 85
35 86
35 87
35 88
35 90
35 91
35 92
35 93
35 96
35 98
35 99
35 100
35 102
35 104
35 105
35 108
35 111
35 114
35 115
35 116
35 117
35 120
35 121
35 123
35 125
35 127
35 129
35 131
35 134
35 139
35 142
35 143
35 146
35 147
35 148
35 149
35 152
35 154
35 155
35 157
35 158
35 160
35 161
35 166
35 168
35 170
35 171
35 180
35 181
35 183
35 186
35 187
35 188
35 192
35 193
35 195
35 196
36 40
36 42
36 44
36 45
36 49
36 50
36 54
36 55
36 58
36 59
36 60
36 61
36 62
36 63
36 67
36 69
36 70
36 73
36 74
36 76
36 79
36 82
36 84
36 85
36 86
36 87
36 92
36 94
36 95
36 96
36 99
36 100
36 101
36 103
36 104
36 105
36 107
36 109
36 110
36 111
36 112
36 114
36 115
36 116
36 117
36 118
36 120
36 122
36 123
36 125
36 128
36 129
36 130
36 136
36 140
36 141
36 142
36 145
36 146
36 147
36 150
36 151
36 152
36 154
36 155
36 161
36 162
36 164
36 166
36 167
36 171
36 172
36 176
36 179
36 180
36 181
36 185
36 188
36 190
36 191
36 192
36 198
36 200
37 39
37 43
37 48
37 53
37 54
37 55
37 56
37 57
37 58
37 60
37 62
37 65
37 67
37 68
37 70
37 72
37 74
37 75
37 77
37 79
37 81
37 82
37 83
37 87
37 88
37 89
37 91
37 94
37 96
37 102
37 105
37 106
37 108
37 110
37 112
37 113
37 114
37 116
37 117
37 119
37 120
37 130
37 133
37 136
37 138
37 139
37 140
37 142
37 143
37 148
37 154
37 156
37 157
37 158
37 160
37 163
37 164
37 165
37 168
37 169
37 170
37 172
37 173
37 176
37 179
37 182
37 183
37 184
37 188
37 189
37 196
37 197
37 198
37 200
38 41
38 42
38 43
38 44
38 47
38 50
38 53
38 57
38 58
38 62
38 63
38 65
38 68
38 70
38 72
38 74
38 78
38 80
38 82
38 83
38 84
38 86
38 87
38 88
38 90
38 92
38 94
38 98
38 100
38 103
38 107
38 108
38 109
38 110
38 113
38 115
38 117
38 125
38 126
38 129
38 130
38 131
38 132
38 133
38 134
38 136
38 138
38 139
38 140
38 141
38 143
38 145
38 146
38 153
38 154
38 157
38 160
38 161
38 163
38 165
38 166
38 168
38 172
38 173
38 174
38 175
38 176
38 177
38 178
38 179
38 181
38 185
38 186
38 192
38 193
38 194
38 198
38 199
39 40
39 41
39 45
39 47
39 48
39 50
39 51
39 52
39 53
39 54
39 56
39 57
39 58
39 59
39 62
39 68
39 70
39 72
39 73
39 74
39 77
39 79
39 80
39 82
39 83
39 85
39 87
39 88
39 89
39 90
39 92
39 93
39 96
39 97
39 99
39 107
39 108
39 109
39 110
39 112
39 115
39 116
39 117
39 119
39 122
39 123
39 124
39 128
39 132
39 134
39 136
39 140
39 143
39 145
39 147
39 149
39 152
39 153
39 157
39 158
39 159
39 161
39 163
39 164
39 165
39 167
39 168
39 169
39 170
39 172
39 174
39 177
39 180
39 182
39 183
39 185
39 186
39 188
39 191
39 192
39 196
40 41
40 42
40 43
40 44
40 46
40 49
40 54
40 55
40 60
40 62
40 63
40 66
40 67
40 68
40 72
40 73
40 74
40 75
40 79
40 85
40 86
40 95
40 96
40 97
40 98
40 99
40 100
40 106
40 109
40 110
40 112
40 114
40 116
40 117
40 119
40 120
40 121
40 124
40 125
40 129
40 130
40 131
40 137
40 138
40 143
40 144
40 146
40 147
40 148
40 151
40 152
40 153
40 159
40 161
40 163
40 165
40 169
40 171
40 173
40 174
40 176
40 178
40 179
40 180
40 181
40 183
40 186
40 187
40 193
40 198
41 44
41 45
41 47
41 49
41 50
41 54
41 56
41 58
41 71
41 73
41 77
41 78
41 80
41 82
41 83
41 86
41 91
41 93
41 97
41 99
41 100
41 101
41 102
41 103
41 104
41 105
41 106
41 108
41 110
41 111
41 115
41 116
41 118
41 123
41 124
41 125
41 126
41 130
41 131
41 133
41 136
41 139
41 141
41 144
41 146
41 148
41 149
41 156
41 157
41 158
41 161
41 164
41 165
41 166
41 167
41 171
41 172
41 177
41 180
41 182
41 183
41 188
41 190
41 192
41 193
41 197
41 198
41 200
42 43
42 47
42 49
42 50
42 51
42 54
42 55
42 58
42 64
42 66
42 69
42 71
42 72
42 75
42 78
42 83
42 85
42 86
42 88
42 89
42 90
42 92
42 94
42 95
42 97
42 98
42 99
42 101
42 103
42 104
42 106
42 107
42 108
42 110
42 111
42 112
42 114
42 116
42 117
42 118
42 119
42 120
42 122
42 123
42 125
42 126
42 128
42 129
42 135
42 137
42 139
42 140
42 145
42 146
42 148
42 150
42 152
42 153
42 154
42 155
42 162
42 164
42 167
42 169
42 171
42 173
42 175
42 177
42 178
42 180
42 181
42 182
42 183
42 186
42 187
42 189
42 192
42 194
42 197
43 45
43 46
43 47
43 51
43 57
43 61
43 62
43 64
43 65
43 66
43 72
43 83
43 88
43 89
43 90
43 91
43 92
43 93
43 94
43 96
43 98
43 99
43 100
43 102
43 106
43 108
43 111
43 114
43 115
43 120
43 121
43 122
43 126
43 129
43 130
43 131
43 133
43 135
43 136
43 137
43 138
43 140
43 141
43 142
43 143
43 144
43 145
43 150
43 158
43 159
43 160
43 161
43 164
43 165
43 166
43 169
43 171
43 172
43 173
43 178
43 181
43 184
43 185
43 190
43 194
43 195
43 196
43 197
44 49
44 52
44 53
44 54
44 55
44 57
44 58
44 61
44 64
44 65
44 67
44 69
44 71
44 72
44 78
44 79
44 91
44 92
44 94
44 95
44 96
44 98
44 99
44 100
44 101
44 103
44 108
44 110
44 114
44 115
44 116
44 117
44 118
44 120
44 121
44 122
44 123
44 125
44 128
44 129
44 130
44 131
44 132
44 133
44 136
44 137
44 138
44 140
44 141
44 143
44 145
44 146
44 150
44 153
44 156
44 159
44 160
44 164
44 166
44 167
44 170
44 175
44 176
44 178
44 179
44 182
44 185
44 187
44 189
44 191
44 193
44 194
44 196
44 199
45 47
45 49
45 50
45 52
45 53
45 54
45 60
45 61
45 62
45 63
45 65
45 67
45 68
45 70
45 74
45 77
45 78
45 79
45 81
45 82
45 84
45 86
45 89
45 90
45 93
45 95
45 99
45 100
45 101
45 102
45 110
45 111
45 114
45 117
45 118
45 121
45 122
45 124
45 125
45 127
45 128
45 129
45 131
45 132
45 133
45 134
45 135
45 136
45 138
45 140
45 141
45 142
45 144
45 147
45 150
45 151
45 154
45 155
45 157
45 158
45 159
45 163
45 164
45 165
45 166
45 168
45 169
45 171
45 174
45 175
45 176
45 179
45 182
45 186
45 187
45 189
45 190
45 192
45 195
45 196
45 197
45 198
46 47
46 48
46 49
46 50
46 52
46 54
46 55
46 56
46 57
46 60
46 63
46 66
46 68
46 72
46 75
46 78
46 79
46 83
46 86
46 87
46 88
46 90
46 91
46 94
46 97
46 100
46 102
46 103
46 106
46 108
46 111
46 113
46 114
46 115
46 116
46 118
46 121
46 124
46 126
46 127
46 129
46 131
46 133
46 135
46 138
46 139
46 140
46 141
46 143
46 145
46 146
46 148
46 149
46 151
46 153
46 155
46 157
46 158
46 160
46 162
46 164
46 166
46 169
46 170
46 171
46 172
46 173
46 175
46 177
46 181
46 182
46 183
46 184
46 186
46 189
46 194
46 195
46 196
46 198
46 200
47 48
47 51
47 52
47 53
47 57
47 59
47 60
47 61
47 62
47 65
47 70
47 71
47 73
47 74
47 75
47 76
47 77
47 83
47 84
47 85
47 89
47 91
47 94
47 98
47 99
47 102
47 106
47 109
47 111
47 117
47 120
47 124
47 126
47 129
47 132
47 134
47 141
47 143
47 146
47 148
47 149
47 150
47 152
47 154
47 158
47 165
47 167
47 168
47 171
47 173
47 175
47 176
47 178
47 180
47 181
47 184
47 186
47 190
47 191
47 192
47 193
47 194
47 197
47 198
47 199
47 200
48 51
48 53
48 54
48 55
48 57
48 59
48 60
48 62
48 64
48 65
48 67
48 68
48 70
48 71
48 72
48 74
48 75
48 76
48 80
48 82
48 83
48 85
48 88
48 90
48 91
48 93
48 95
48 96
48 100
48 101
48 103
48 106
48 107
48 109
48 110
48 112
48 113
48 114
48 116
48 118
48 122
48 125
48 128
48 130
48 132
48 133
48 134
48 136
48 137
48 138
48 139
48 140
48 141
48 142
48 143
48 144
48 145
48 146
48 147
48 148
48 149
48 150
48 151
48 153
48 154
48 155
48 156
48 157
48 160
48 163
48 165
48 166
48 167
48 170
48 171
48 172
48 173
48 174
48 177
48 182
48 184
48 187
48 191
48 192
48 196
48 198
48 199
49 50
49 56
49 57
49 59
49 62
49 64
49 66
49 68
49 69
49 70
49 71
49 78
49 80
49 84
49 85
49 86
49 87
49 88
49 89
49 90
49 91
49 92
49 95
49 96
49 97
49 98
49 100
49 101
49 104
49 105
49 106
49 107
49 109
49 111
49 112
49 114
49 115
49 116
49 117
49 124
49 125
49 126
49 127
49 129
49 130
49 131
49 132
49 133
49 134
49 135
49 136
49 138
49 141
49 142
49 145
49 146
49 147
49 148
49 151
49 153
49 154
49 155
49 156
49 158
49 160
49 162
49 163
49 166
49 167
49 171
49 172
49 173
49 175
49 177
49 179
49 183
49 184
49 185
49 186
49 187
49 188
49 190
49 191
49 193
49 197
49 199
49 200
50 51
50 52
50 56
50 57
50 64
50 66
50 68
50 70
50 71
50 72
50 73
50 74
50 75
50 78
50 79
50 81
50 82
50 85
50 86
50 89
50 91
50 93
50 94
50 96
50 100
50 101
50 105
50 107
50 108
50 109
50 110
50 112
50 114
50 115
50 123
50 124
50 129
50 130
50 131
50 133
50 134
50 135
50 136
50 137
50 140
50 143
50 145
50 149
50 151
50 152
50 153
50 155
50 157
50 158
50 160
50 161
50 162
50 163
50 164
50 166
50 170
50 174
50 175
50 177
50 182
50 183
50 184
50 186
50 187
50 191
50 197
51 54
51 55
51 57
51 60
51 61
51 63
51 64
51 69
51 70
51 71
51 72
51 74
51 75
51 78
51 79
51 80
51 81
51 83
51 84
51 87
51 88
51 93
51 94
51 100
51 101
51 106
51 107
51 109
51 117
51 118
51 119
51 126
51 127
51 128
51 130
51 131
51 134
51 135
51 136
51 138
51 141
51 144
51 148
51 149
51 152
51 155
51 158
51 165
51 166
51 168
51 169
51 172
51 173
51 174
51 177
51 178
51 184
51 185
51 187
51 188
51 189
51 190
51 191
51 192
51 193
51 196
51 197
51 198
51 199
51 200
52 53
52 54
52 55
52 57
52 58
52 59
52 63
52 65
52 66
52 70
52 71
52 73
52 76
52 77
52 79
52 83
52 86
52 88
52 90
52 91
52 92
52 94
52 96
52 98
52 99
52 100
52 103
52 104
52 106
52 107
52 109
52 110
52 114
52 115
52 117
52 119
52 120
52 121
52 122
52 124
52 128
52 129
52 130
52 132
52 134
52 135
52 137
52 138
52 142
52 147
52 148
52 151
52 152
52 158
52 160
52 164
52 166
52 167
52 168
52 169
52 171
52 172
52 174
52 175
52 177
52 178
52 180
52 181
52 182
52 184
52 188
52 189
52 190
52 191
52 195
52 196
52 200
53 55
53 57
53 60
53 61
53 68
53 69
53 70
53 71
53 74
53 77
53 79
53 84
53 86
53 88
53 90
53 91
53 95
53 96
53 100
53 102
53 103
53 104
53 105
53 106
53 108
53 110
53 111
53 113
53 118
53 120
53 124
53 126
53 132
53 135
53 137
53 141
53 142
53 143
53 145
53 147
53 148
53 150
53 151
53 152
53 154
53 155
53 156
53 157
53 161
53 163
53 164
53 165
53 166
53 167
53 168
53 170
53 171
53 172
53 174
53 175
53 176
53 180
53 182
53 185
53 187
53 188
53 191
53 194
53 195
53 196
53 198
53 200
54 55
54 56
54 58
54 59
54 62
54 64
54 65
54 66
54 67
54 70
54 71
54 72
54 73
54 78
54 79
54 81
54 82
54 84
54 85
54 86
54 87
54 89
54 91
54 95
54 96
54 100
54 103
54 104
54 106
54 107
54 110
54 112
54 113
54 114
54 118
54 123
54 125
54 126
54 130
54 133
54 134
54 135
54 137
54 139
54 144
54 146
54 147
54 148
54 150
54 154
54 156
54 159
54 160
54 161
54 162
54 165
54 169
54 171
54 172
54 173
54 175
54 177
54 179
54 181
54 182
54 183
54 184
54 185
54 187
54 190
54 197
54 198
54 199
54 200
55 58
55 60
55 61
55 62
55 65
55 66
55 68
55 69
55 71
55 77
55 80
55 81
55 84
55 87
55 88
55 90
55 91
55 94
55 98
55 100
55 103
55 104
55 108
55 109
55 112
55 113
55 115
55 117
55 119
55 121
55 122
55 124
55 125
55 129
55 135
55 136
55 137
55 140
55 141
55 142
55 144
55 145
55 147
55 149
55 150
55 152
55 153
55 154
55 155
55 156
55 158
55 160
55 162
55 163
55 165
55 166
55 167
55 169
55 170
55 172
55 173
55 174
55 175
55 177
55 178
55 179
55 181
55 182
55 185
55 196
55 197
55 198
56 59
56 60
56 61
56 65
56 66
56 71
56 73
56 76
56 80
56 88
56 92
56 94
56 95
56 96
56 99
56 101
56 103
56 104
56 107
56 108
56 109
56 110
56 111
56 114
56 116
56 118
56 119
56 121
56 122
56 123
56 126
56 127
56 128
56 129
56 130
56 131
56 135
56 136
56 137
56 142
56 144
56 146
56 147
56 148
56 149
56 152
56 153
56 154
56 156
56 157
56 159
56 161
56 163
56 167
56 169
56 170
56 171
56 175
56 176
56 181
56 186
56 187
56 188
56 189
56 191
56 193
56 197
56 198
56 199
57 60
57 61
57 63
57 65
57 70
57 71
57 76
57 77
57 78
57 79
57 82
57 86
57 88
57 91
57 95
57 97
57 99
57 101
57 103
57 105
57 106
57 108
57 111
57 112
57 114
57 116
57 117
57 118
57 119
57 120
57 121
57 122
57 123
57 125
57 126
57 127
57 128
57 130
57 131
57 132
57 137
57 139
57 140
57 141
57 143
57 146
57 147
57 148
57 150
57 155
57 156
57 157
57 158
57 159
57 160
57 161
57 162
57 163
57 165
57 166
57 168
57 169
57 170
57 171
57 173
57 174
57 175
57 176
57 177
57 178
57 179
57 180
57 182
57 185
57 187
57 189
57 195
57 198
57 199
58 60
58 63
58 64
58 65
58 66
58 67
58 69
58 70
58 71
58 72
58 74
58 76
58 77
58 80
58 83
58 85
58 95
58 96
58 97
58 98
58 102
58 105
58 106
58 109
58 110
58 111
58 112
58 115
58 118
58 119
58 121
58 122
58 123
58 125
58 126
58 127
58 128
58 134
58 138
58 142
58 143
58 144
58 145
58 148
58 153
58 154
58 155
58 159
58 160
58 161
58 162
58 163
58 165
58 166
58 174
58 178
58 179
58 182
58 183
58 184
58 185
58 186
58 187
58 192
58 194
58 195
58 197
58 198
58 200
59 60
59 61
59 63
59 64
59 67
59 68
59 75
59 76
59 77
59 79
59 80
59 83
59 88
59 91
59 95
59 97
59 98
59 99
59 100
59 102
59 104
59 107
59 109
59 112
59 114
59 115
59 118
59 119
59 121
59 123
59 124
59 125
59 128
59 129
59 131
59 132
59 136
59 139
59 141
59 143
59 144
59 147
59 149
59 150
59 151
59 152
59 153
59 155
59 156
59 159
59 160
59 161
59 163
59 164
59 165
59 168
59 169
59 170
59 171
59 173
59 174
59 176
59 177
59 180
59 182
59 183
59 185
59 188
59 192
59 193
59 195
59 197
59 198
59 200
60 63
60 65
60 67
60 71
60 74
60 76
60 78
60 81
60 82
60 84
60 89
60 90
60 91
60 93
60 94
60 97
60 99
60 100
60 101
60 102
60 103
60 104
60 105
60 107
60 108
60 112
60 116
60 120
60 123
60 125
60 127
60 131
60 132
60 133
60 134
60 135
60 137
60 138
60 141
60 142
60 143
60 144
60 146
60 147
60 154
60 156
60 157
60 159
60 161
60 163
60 164
60 166
60 167
60 168
60 169
60 172
60 180
60 181
60 184
60 187
60 189
60 190
60 192
60 193
60 195
60 198
60 199
61 62
61 63
61 66
61 67
61 68
61 70
61 71
61 72
61 73
61 74
61 76
61 79
61 82
61 83
61 85
61 89
61 90
61 92
61 94
61 95
61 98
61 99
61 100
61 101
61 102
61 103
61 104
61 106
61 107
61 108
61 110
61 114
61 117
61 118
61 119
61 120
61 121
61 124
61 125
61 128
61 130
61 135
61 136
61 137
61 138
61 139
61 141
61 143
61 149
61 150
61 151
61 154
61 155
61 158
61 160
61 166
61 168
61 170
61 171
61 173
61 178
61 181
61 184
61 191
61 193
61 194
61 200
62 64
62 66
62 68
62 69
62 70
62 72
62 73
62 74
62 76
62 78
62 80
62 81
62 82
62 88
62 89
62 90
62 92
62 93
62 95
62 97
62 100
62 102
62 104
62 111
62 113
62 117
62 118
62 119
62 121
62 123
62 126
62 127
62 129
62 130
62 131
62 133
62 135
62 136
62 138
62 139
62 140
62 142
62 143
62 146
62 147
62 154
62 155
62 156
62 160
62 166
62 170
62 172
62 173
62 175
62 180
62 181
62 183
62 184
62 188
62 192
62 194
62 195
62 197
62 198
62 200
63 64
63 65
63 66
63 67
63 68
63 70
63 71
63 73
63 77
63 78
63 79
63 83
63 84
63 88
63 90
63 92
63 94
63 95
63 97
63 98
63 99
63 101
63 103
63 105
63 106
63 108
63 109
63 112
63 114
63 115
63 117
63 119
63 121
63 122
63 124
63 125
63 126
63 127
63 128
63 130
63 131
63 133
63 135
63 138
63 139
63 140
63 142
63 147
63 151
63 152
63 153
63 154
63 159
63 160
63 162
63 163
63 164
63 165
63 166
63 168
63 169
63 171
63 172
63 179
63 181
63 183
63 184
63 185
63 186
63 190
63 192
63 199
64 67
64 73
64 76
64 77
64 78
64 80
64 83
64 85
64 86
64 87
64 89
64 91
64 93
64 95
64 98
64 99
64 102
64 104
64 106
64 107
64 108
64 110
64 111
64 113
64 114
64 115
64 116
64 117
64 118
64 120
64 122
64 126
64 127
64 130
64 131
64 132
64 134
64 135
64 137
64 140
64 143
64 147
64 153
64 154
64 158
64 160
64 161
64 168
64 169
64 170
64 175
64 176
64 179
64 184
64 187
64 188
64 193
64 197
64 198
64 199
64 200
65 70
65 74
65 75
65 78
65 81
65 82
65 84
65 86
65 88
65 93
65 94
65 97
65 102
65 103
65 106
65 108
65 109
65 110
65 111
65 112
65 113
65 114
65 115
65 116
65 118
65 121
65 123
65 125
65 126
65 127
65 128
65 129
65 130
65 135
65 136
65 137
65 138
65 139
65 141
65 142
65 143
65 145
65 147
65 148
65 149
65 152
65 156
65 157
65 159
65 162
65 164
65 165
65 166
65 169
65 170
65 172
65 173
65 176
65 180
65 184
65 187
65 188
65 189
65 190
65 191
65 194
65 195
65 196
65 197
65 199
65 200
66 67
66 72
66 75
66 76
66 77
66 78
66 79
66 80
66 83
66 86
66 87
66 88
66 89
66 92
66 94
66 96
66 97
66 100
66 102
66 108
66 111
66 112
66 115
66 116
66 117
66 120
66 121
66 125
66 126
66 127
66 128
66 132
66 135
66 137
66 140
66 141
66 143
66 144
66 147
66 149
66 150
66 151
66 157
66 158
66 159
66 161
66 166
66 167
66 169
66 173
66 175
66 176
66 179
66 180
66 181
66 184
66 188
66 194
66 195
66 197
66 199
67 69
67 71
67 74
67 75
67 76
67 77
67 78
67 80
67 81
67 82
67 83
67 84
67 85
67 88
67 89
67 91
67 92
67 93
67 94
67 98
67 100
67 102
67 105
67 108
67 109
67 112
67 113
67 114
67 115
67 116
67 117
67 119
67 121
67 122
67 124
67 126
67 134
67 135
67 136
67 137
67 140
67 144
67 146
67 147
67 148
67 152
67 153
67 154
67 156
67 158
67 160
67 161
67 162
67 169
67 174
67 175
67 178
67 179
67 185
67 187
67 189
67 190
67 193
67 194
67 195
67 199
68 69
68 74
68 75
68 76
68 79
68 83
68 85
68 87
68 88
68 98
68 103
68 104
68 107
68 115
68 117
68 118
68 121
68 123
68 125
68 126
68 129
68 130
68 134
68 137
68 138
68 141
68 142
68 145
68 146
68 147
68 149
68 151
68 153
68 155
68 157
68 158
68 159
68 162
68 163
68 164
68 166
68 172
68 173
68 178
68 179
68 182
68 185
68 186
68 187
68 190
68 193
68 195
68 196
68 198
68 200
69 71
69 72
69 73
69 74
69 76
69 82
69 84
69 88
69 91
69 94
69 95
69 96
69 97
69 101
69 102
69 103
69 105
69 106
69 108
69 109
69 110
69 113
69 115
69 116
69 117
69 119
69 121
69 122
69 123
69 124
69 131
69 132
69 135
69 136
69 137
69 138
69 141
69 143
69 147
69 148
69 149
69 150
69 155
69 157
69 160
69 162
69 164
69 166
69 170
69 171
69 173
69 174
69 175
69 176
69 177
69 178
69 179
69 180
69 181
69 184
69 185
69 188
69 191
69 194
69 195
69 200
70 71
70 72
70 73
70 79
70 80
70 81
70 82
70 84
70 88
70 91
70 95
70 96
70 97
70 98
70 101
70 102
70 104
70 106
70 107
70 111
70 112
70 113
70 114
70 119
70 122
70 123
70 124
70 125
70 126
70 127
70 128
70 129
70 131
70 132
70 134
70 135
70 141
70 143
70 147
70 148
70 150
70 153
70 154
70 156
70 158
70 160
70 162
70 163
70 168
70 171
70 172
70 174
70 175
70 180
70 182
70 184
70 186
70 188
70 190
70 191
70 194
70 196
70 197
70 198
70 199
70 200
71 73
71 74
71 75
71 78
71 80
71 82
71 84
71 86
71 89
71 91
71 95
71 96
71 98
71 99
71 101
71 106
71 108
71 110
71 111
71 112
71 114
71 116
71 119
71 133
71 137
71 138
71 140
71 143
71 144
71 146
71 148
71 149
71 151
71 152
71 154
71 156
71 160
71 162
71 164
71 165
71 166
71 168
71 171
71 173
71 176
71 178
71 181
71 182
71 192
71 194
71 196
71 198
71 200
72 73
72 75
72 82
72 83
72 84
72 85
72 89
72 90
72 91
72 92
72 94
72 95
72 96
72 99
72 103
72 104
72 106
72 107
72 109
72 113
72 114
72 115
72 116
72 117
72 118
72 120
72 123
72 126
72 128
72 131
72 133
72 137
72 138
72 139
72 141
72 142
72 144
72 146
72 147
72 148
72 149
72 152
72 155
72 157
72 158
72 159
72 160
72 161
72 163
72 165
72 167
72 171
72 172
72 173
72 176
72 177
72 180
72 182
72 185
72 195
72 199
72 200
73 74
73 75
73 76
73 78
73 81
73 92
73 93
73 95
73 96
73 98
73 101
73 105
73 106
73 107
73 108
73 109
73 111
73 113
73 115
73 117
73 119
73 122
73 123
73 125
73 128
73 133
73 135
73 140
73 141
73 142
73 143
73 146
73 147
73 148
73 149
73 150
73 152
73 155
73 157
73 158
73 159
73 160
73 161
73 162
73 163
73 166
73 170
73 172
73 174
73 175
73 176
73 178
73 180
73 181
73 183
73 184
73 189
73 192
73 193
73 194
73 195
73 196
73 198
74 75
74 78
74 79
74 82
74 83
74 85
74 88
74 89
74 91
74 92
74 94
74 97
74 98
74 99
74 103
74 106
74 107
74 108
74 109
74 110
74 114
74 115
74 118
74 119
74 120
74 121
74 124
74 127
74 129
74 132
74 133
74 134
74 135
74 137
74 144
74 145
74 149
74 150
74 153
74 155
74 156
74 157
74 158
74 159
74 161
74 162
74 163
74 164
74 165
74 167
74 171
74 172
74 177
74 178
74 179
74 181
74 183
74 184
74 185
74 187
74 189
74 190
74 192
74 193
74 194
74 199
74 200
75 76
75 77
75 78
75 81
75 82
75 83
75 84
75 86
75 87
75 88
75 90
75 92
75 93
75 97
75 98
75 100
75 101
75 107
75 108
75 110
75 112
75 113
75 117
75 125
75 129
75 132
75 134
75 135
75 136
75 143
75 148
75 149
75 151
75 153
75 154
75 157
75 158
75 159
75 163
75 164
75 165
75 166
75 172
75 173
75 174
75 179
75 180
75 184
75 185
75 187
75 190
75 191
75 192
75 194
75 195
75 197
75 198
75 200
76 78
76 79
76 80
76 81
76 83
76 88
76 89
76 90
76 91
76 93
76 95
76 96
76 97
76 98
76 100
76 101
76 102
76 103
76 106
76 107
76 108
76 109
76 110
76 111
76 112
76 114
76 120
76 125
76 128
76 130
76 131
76 132
76 134
76 136
76 137
76 142
76 146
76 148
76 149
76 150
76 155
76 156
76 157
76 159
76 160
76 161
76 164
76 166
76 172
76 176
76 178
76 180
76 183
76 184
76 185
76 186
76 188
76 194
76 197
77 78
77 82
77 83
77 89
77 92
77 96
77 98
77 101
77 104
77 106
77 107
77 109
77 118
77 120
77 121
77 124
77 126
77 127
77 129
77 130
77 131
77 132
77 133
77 135
77 136
77 137
77 138
77 139
77 140
77 141
77 144
77 147
77 151
77 152
77 153
77 155
77 156
77 158
77 159
77 160
77 161
77 163
77 165
77 168
77 169
77 170
77 171
77 172
77 173
77 174
77 175
77 179
77 181
77 183
77 184
77 185
77 188
77 189
77 190
77 192
77 193
77 196
77 200
78 79
78 80
78 91
78 93
78 94
78 95
78 104
78 105
78 107
78 109
78 114
78 115
78 116
78 117
78 119
78 122
78 126
78 128
78 129
78 130
78 133
78 137
78 139
78 141
78 145
78 146
78 147
78 150
78 151
78 152
78 157
78 158
78 161
78 163
78 168
78 169
78 170
78 171
78 172
78 175
78 179
78 180
78 182
78 183
78 184
78 186
78 189
78 192
78 193
78 196
78 197
78 198
78 200
79 83
79 88
79 92
79 93
79 95
79 97
79 101
79 102
79 103
79 105
79 106
79 107
79 108
79 110
79 112
79 113
79 114
79 115
79 116
79 118
79 120
79 122
79 124
79 128
79 130
79 131
79 132
79 136
79 137
79 139
79 141
79 144
79 145
79 146
79 147
79 148
79 149
79 151
79 152
79 154
79 156
79 157
79 159
79 160
79 163
79 164
79 167
79 168
79 172
79 173
79 175
79 177
79 178
79 181
79 182
79 184
79 185
79 187
79 188
79 189
79 194
79 197
80 81
80 83
80 84
80 85
80 86
80 88
80 89
80 90
80 92
80 94
80 97
80 99
80 100
80 102
80 104
80 106
80 109
80 110
80 112
80 113
80 115
80 118
80 122
80 123
80 125
80 126
80 128
80 129
80 130
80 132
80 134
80 135
80 141
80 142
80 145
80 146
80 151
80 154
80 155
80 156
80 161
80 162
80 165
80 166
80 167
80 169
80 170
80 172
80 175
80 176
80 184
80 187
80 195
80 200
81 82
81 87
81 88
81 90
81 91
81 94
81 95
81 97
81 101
81 105
81 106
81 107
81 109
81 111
81 112
81 114
81 116
81 117
81 118
81 120
81 122
81 123
81 124
81 126
81 127
81 128
81 129
81 131
81 136
81 138
81 144
81 146
81 147
81 149
81 152
81 153
81 155
81 156
81 157
81 158
81 159
81 164
81 167
81 169
81 171
81 174
81 175
81 176
81 177
81 178
81 182
81 184
81 185
81 186
81 188
81 189
81 190
81 192
81 193
81 198
81 200
82 84
82 86
82 88
82 90
82 93
82 94
82 96
82 99
82 105
82 106
82 111
82 112
82 117
82 121
82 122
82 123
82 126
82 127
82 128
82 129
82 130
82 131
82 133
82 135
82 138
82 139
82 141
82 142
82 144
82 145
82 148
82 152
82 153
82 154
82 155
82 156
82 160
82 161
82 163
82 164
82 167
82 169
82 170
82 178
82 179
82 180
82 181
82 184
82 189
82 190
82 191
82 193
82 194
82 196
82 199
83 84
83 87
83 88
83 90
83 91
83 92
83 95
83 96
83 97
83 101
83 103
83 105
83 108
83 109
83 110
83 115
83 118
83 119
83 121
83 126
83 130
83 131
83 132
83 133
83 134
83 135
83 137
83 138
83 139
83 140
83 141
83 142
83 144
83 146
83 147
83 149
83 151
83 152
83 155
83 156
83 157
83 159
83 160
83 163
83 164
83 165
83 166
83 169
83 170
83 173
83 174
83 175
83 176
83 177
83 179
83 180
83 182
83 189
83 190
83 191
83 192
83 194
83 196
83 200
84 88
84 91
84 94
84 100
84 103
84 104
84 107
84 108
84 110
84 115
84 117
84 118
84 119
84 120
84 121
84 122
84 123
84 124
84 125
84 126
84 127
84 128
84 129
84 131
84 132
84 137
84 138
84 140
84 142
84 151
84 152
84 153
84 157
84 158
84 159
84 161
84 162
84 163
84 165
84 166
84 168
84 171
84 176
84 177
84 180
84 181
84 183
84 184
84 186
84 189
84 190
84 193
84 194
84 195
84 197
84 200
85 87
85 88
85 90
85 91
85 92
85 93
85 94
85 95
85 96
85 97
85 98
85 99
85 100
85 102
85 105
85 106
85 108
85 114
85 118
85 119
85 120
85 122
85 124
85 125
85 126
85 128
85 130
85 131
85 132
85 134
85 135
85 137
85 138
85 139
85 140
85 141
85 142
85 144
85 145
85 147
85 151
85 152
85 156
85 160
85 162
85 165
85 166
85 169
85 173
85 179
85 180
85 181
85 182
85 183
85 186
85 187
85 188
85 190
85 191
85 192
85 193
85 194
85 198
86 88
86 90
86 91
86 92
86 93
86 94
86 95
86 101
86 102
86 106
86 108
86 109
86 112
86 113
86 114
86 115
86 117
86 118
86 119
86 121
86 122
86 125
86 129
86 131
86 132
86 133
86 134
86 136
86 137
86 140
86 142
86 144
86 145
86 150
86 153
86 155
86 157
86 158
86 162
86 164
86 165
86 168
86 169
86 174
86 177
86 180
86 184
86 185
86 186
86 187
86 188
86 192
86 193
86 194
86 195
87 88
87 90
87 92
87 94
87 98
87 99
87 101
87 103
87 107
87 109
87 110
87 111
87 114
87 116
87 117
87 118
87 120
87 122
87 126
87 132
87 134
87 135
87 137
87 138
87 139
87 140
87 142
87 143
87 144
87 147
87 148
87 149
87 150
87 151
87 153
87 154
87 156
87 157
87 159
87 160
87 161
87 162
87 163
87 165
87 169
87 171
87 172
87 173
87 174
87 181
87 182
87 183
87 184
87 187
87 188
87 190
87 191
87 192
87 193
87 195
87 196
87 197
87 198
87 199
87 200
88 90
88 93
88 95
88 96
88 99
88 101
88 102
88 105
88 106
88 109
88 110
88 111
88 113
88 114
88 118
88 120
88 123
88 124
88 125
88 126
88 129
88 130
88 131
88 133
88 138
88 139
88 140
88 141
88 143
88 144
88 146
88 147
88 149
88 152
88 156
88 162
88 168
88 169
88 170
88 172
88 173
88 174
88 176
88 178
88 179
88 181
88 183
88 186
88 187
88 192
88 194
88 195
88 196
88 198
89 90
89 91
89 94
89 95
89 96
89 97
89 100
89 101
89 102
89 104
89 107
89 108
89 109
89 112
89 114
89 115
89 116
89 117
89 118
89 120
89 121
89 122
89 123
89 124
89 125
89 126
89 127
89 128
89 131
89 132
89 135
89 136
89 138
89 141
89 142
89 143
89 145
89 147
89 148
89 150
89 151
89 154
89 157
89 159
89 160
89 164
89 168
89 169
89 170
89 171
89 175
89 178
89 180
89 181
89 183
89 184
89 185
89 186
89 188
89 190
89 191
89 194
89 196
89 198
89 199
90 92
90 95
90 99
90 100
90 101
90 104
90 106
90 107
90 111
90 112
90 119
90 121
90 122
90 123
90 124
90 126
90 128
90 131
90 133
90 136
90 137
90 138
90 141
90 142
90 143
90 146
90 147
90 148
90 150
90 151
90 153
90 156
90 157
90 161
90 163
90 166
90 169
90 170
90 171
90 173
90 174
90 176
90 177
90 178
90 180
90 181
90 182
90 184
90 186
90 188
90 190
90 191
90 193
90 199
91 93
91 95
91 97
91 98
91 104
91 106
91 107
91 109
91 111
91 119
91 120
91 121
91 123
91 126
91 127
91 129
91 130
91 133
91 135
91 137
91 141
91 142
91 144
91 148
91 153
91 155
91 156
91 160
91 162
91 163
91 165
91 166
91 171
91 175
91 176
91 178
91 179
91 182
91 183
91 184
91 186
91 188
91 190
91 197
91 198
91 199
91 200
92 95
92 104
92 105
92 106
92 109
92 113
92 114
92 116
92 118
92 120
92 125
92 126
92 127
92 132
92 133
92 137
92 138
92 139
92 140
92 143
92 148
92 150
92 151
92 152
92 153
92 155
92 159
92 160
92 162
92 163
92 165
92 167
92 169
92 170
92 171
92 172
92 177
92 182
92 185
92 187
92 190
92 196
92 197
92 198
92 199
92 200
93 94
93 95
93 96
93 98
93 99
93 100
93 101
93 104
93 105
93 111
93 114
93 116
93 117
93 123
93 124
93 126
93 128
93 135
93 137
93 138
93 140
93 141
93 142
93 146
93 147
93 148
93 149
93 152
93 153
93 157
93 158
93 159
93 160
93 163
93 164
93 165
93 166
93 168
93 172
93 173
93 177
93 178
93 179
93 182
93 184
93 185
93 187
93 189
93 192
93 196
93 197
93 199
93 200
94 96
94 97
94 98
94 99
94 104
94 105
94 107
94 108
94 109
94 110
94 111
94 112
94 114
94 118
94 124
94 126
94 127
94 129
94 132
94 133
94 135
94 136
94 138
94 139
94 140
94 141
94 144
94 146
94 147
94 150
94 151
94 152
94 154
94 158
94 160
94 161
94 163
94 167
94 170
94 171
94 172
94 180
94 181
94 183
94 188
94 189
94 190
94 194
94 195
95 97
95 101
95 104
95 105
95 106
95 108
95 109
95 110
95 111
95 112
95 113
95 115
95 116
95 117
95 118
95 119
95 121
95 123
95 126
95 128
95 129
95 130
95 132
95 133
95 135
95 136
95 138
95 142
95 143
95 147
95 148
95 150
95 154
95 156
95 158
95 162
95 164
95 167
95 169
95 170
95 172
95 173
95 174
95 176
95 178
95 180
95 182
95 184
95 186
95 187
95 188
95 189
95 190
95 191
95 196
95 197
95 198
95 199
95 200
96 99
96 100
96 101
96 102
96 103
96 110
96 111
96 112
96 114
96 116
96 119
96 120
96 122
96 123
96 124
96 125
96 126
96 128
96 129
96 130
96 131
96 132
96 134
96 135
96 136
96 137
96 138
96 140
96 142
96 146
96 147
96 148
96 150
96 151
96 153
96 156
96 158
96 159
96 160
96 161
96 167
96 168
96 169
96 171
96 174
96 180
96 182
96 184
96 192
96 196
96 197
96 198
96 200
97 99
97 103
97 104
97 105
97 106
97 108
97 110
97 112
97 113
97 117
97 118
97 121
97 123
97 125
97 130
97 131
97 133
97 134
97 135
97 143
97 144
97 147
97 151
97 153
97 155
97 157
97 158
97 161
97 164
97 166
97 168
97 172
97 175
97 177
97 179
97 180
97 181
97 182
97 184
97 185
97 186
97 187
97 189
97 191
97 192
97 194
97 197
97 199
97 200
98 103
98 105
98 106
98 107
98 110
98 112
98 115
98 118
98 120
98 121
98 122
98 125
98 126
98 127
98 129
98 131
98 139
98 140
98 141
98 142
98 144
98 145
98 146
98 150
98 151
98 152
98 153
98 157
98 159
98 161
98 162
98 163
98 164
98 170
98 172
98 173
98 178
98 180
98 181
98 184
98 186
98 190
98 191
98 194
98 195
98 196
98 198
98 199
98 200
99 101
99 104
99 106
99 109
99 110
99 111
99 113
99 114
99 117
99 119
99 120
99 121
99 123
99 124
99 125
99 127
99 128
99 130
99 131
99 132
99 133
99 135
99 136
99 137
99 138
99 143
99 150
99 151
99 153
99 154
99 156
99 157
99 158
99 160
99 162
99 163
99 164
99 166
99 167
99 169
99 170
99 172
99 174
99 176
99 177
99 178
99 180
99 182
99 183
99 186
99 189
99 191
99 192
99 193
99 195
99 196
99 197
99 198
99 199
100 102
100 103
100 104
100 105
100 107
100 108
100 110
100 111
100 114
100 115
100 116
100 117
100 120
100 123
100 125
100 128
100 129
100 130
100 131
100 134
100 135
100 137
100 139
100 144
100 147
100 148
100 150
100 152
100 153
100 155
100 157
100 158
100 160
100 161
100 163
100 164
100 165
100 167
100 168
100 169
100 171
100 173
100 174
100 176
100 181
100 182
100 184
100 187
100 189
100 190
100 192
100 193
100 195
100 199
101 104
101 105
101 106
101 109
101 110
101 111
101 112
101 113
101 115
101 118
101 125
101 127
101 131
101 132
101 133
101 135
101 136
101 137
101 142
101 146
101 147
101 151
101 152
101 154
101 155
101 156
101 158
101 159
101 160
101 161
101 162
101 163
101 167
101 168
101 169
101 170
101 172
101 173
101 174
101 175
101 177
101 178
101 181
101 184
101 185
101 187
101 188
101 189
101 192
101 194
101 195
101 199
101 200
102 103
102 106
102 109
102 115
102 116
102 118
102 119
102 125
102 127
102 129
102 130
102 132
102 134
102 136
102 137
102 138
102 139
102 142
102 143
102 144
102 145
102 147
102 148
102 150
102 154
102 157
102 158
102 160
102 163
102 164
102 168
102 169
102 170
102 171
102 172
102 173
102 177
102 180
102 181
102 186
102 189
102 191
102 193
103 104
103 106
103 107
103 109
103 111
103 112
103 114
103 116
103 118
103 119
103 120
103 121
103 124
103 125
103 126
103 128
103 131
103 134
103 136
103 137
103 139
103 140
103 146
103 151
103 152
103 153
103 156
103 158
103 160
103 161
103 162
103 163
103 164
103 167
103 169
103 171
103 174
103 175
103 176
103 177
103 178
103 179
103 181
103 185
103 188
103 189
103 190
103 191
103 192
103 193
103 194
103 195
103 196
103 197
103 199
104 106
104 107
104 108
104 109
104 110
104 112
104 114
104 116
104 117
104 118
104 119
104 120
104 121
104 122
104 123
104 124
104 126
104 127
104 128
104 129
104 133
104 134
104 135
104 140
104 142
104 146
104 149
104 153
104 154
104 155
104 157
104 158
104 159
104 160
104 162
104 164
104 165
104 167
104 168
104 169
104 170
104 171
104 172
104 174
104 175
104 176
104 177
104 179
104 180
104 182
104 183
104 184
104 185
104 187
104 189
104 190
104 193
105 109
105 113
105 115
105 116
105 120
105 123
105 124
105 126
105 128
105 132
105 140
105 142
105 144
105 146
105 147
105 149
105 154
105 155
105 157
105 160
105 161
105 164
105 166
105 168
105 171
105 173
105 174
105 182
105 184
105 185
105 186
105 187
105 193
105 194
105 197
105 198
106 107
106 110
106 111
106 112
106 114
106 116
106 119
106 122
106 123
106 125
106 130
106 131
106 132
106 136
106 139
106 140
106 145
106 146
106 148
106 149
106 153
106 154
106 156
106 157
106 161
106 163
106 165
106 167
106 169
106 170
106 171
106 172
106 173
106 178
106 179
106 181
106 182
106 183
106 186
106 188
106 189
106 193
106 194
106 198
106 199
106 200
107 108
107 109
107 112
107 114
107 117
107 118
107 123
107 124
107 129
107 130
107 132
107 133
107 134
107 135
107 136
107 139
107 142
107 143
107 146
107 149
107 150
107 151
107 153
107 155
107 160
107 161
107 163
107 166
107 167
107 170
107 171
107 172
107 173
107 174
107 175
107 177
107 179
107 185
107 186
107 188
107 191
107 192
107 193
107 195
107 196
107 198
107 199
108 113
108 116
108 119
108 120
108 121
108 123
108 124
108 125
108 126
108 128
108 130
108 134
108 136
108 138
108 139
108 141
108 142
108 144
108 145
108 148
108 150
108 151
108 152
108 153
108 156
108 157
108 162
108 163
108 166
108 169
108 171
108 173
108 174
108 175
108 176
108 177
108 179
108 180
108 184
108 186
108 188
108 189
108 191
108 192
108 193
108 195
108 196
108 198
108 200
109 111
109 117
109 118
109 119
109 121
109 124
109 125
109 129
109 131
109 132
109 135
109 136
109 139
109 140
109 141
109 142
109 143
109 144
109 145
109 147
109 149
109 150
109 153
109 156
109 159
109 161
109 162
109 164
109 167
109 169
109 173
109 174
109 177
109 179
109 182
109 184
109 186
109 189
109 190
109 191
109 192
109 195
109 198
109 199
109 200
110 112
110 113
110 115
110 116
110 119
110 121
110 122
110 123
110 126
110 128
110 135
110 136
110 140
110 141
110 142
110 143
110 146
110 148
110 150
110 151
110 152
110 153
110 154
110 155
110 158
110 160
110 162
110 163
110 164
110 165
110 168
110 169
110 170
110 176
110 178
110 180
110 182
110 183
110 185
110 188
110 193
110 195
110 199
111 112
111 113
111 114
111 115
111 116
111 117
111 118
111 119
111 120
111 122
111 123
111 125
111 128
111 129
111 131
111 134
111 135
111 137
111 138
111 147
111 149
111 152
111 155
111 157
111 158
111 159
111 160
111 162
111 163
111 165
111 167
111 169
111 180
111 185
111 187
111 189
111 191
111 192
111 195
111 198
111 199
112 114
112 118
112 120
112 125
112 126
112 128
112 129
112 132
112 138
112 141
112 145
112 147
112 148
112 150
112 151
112 153
112 155
112 157
112 163
112 165
112 166
112 168
112 170
112 171
112 173
112 176
112 177
112 181
112 186
112 187
112 188
112 191
112 193
112 195
112 200
113 116
113 117
113 119
113 120
113 124
113 125
113 126
113 128
113 129
113 131
113 134
113 135
113 138
113 139
113 140
113 143
113 144
113 150
113 151
113 154
113 155
113 156
113 157
113 159
113 160
113 161
113 162
113 163
113 164
113 165
113 166
113 167
113 168
113 170
113 171
113 173
113 174
113 175
113 180
113 181
113 182
113 184
113 185
113 189
113 190
113 192
113 194
113 195
113 196
113 197
113 198
113 199
114 115
114 118
114 119
114 121
114 125
114 126
114 140
114 144
114 146
114 149
114 154
114 155
114 156
114 157
114 158
114 159
114 160
114 165
114 166
114 167
114 169
114 170
114 173
114 174
114 175
114 176
114 178
114 180
114 181
114 182
114 183
114 185
114 186
114 189
114 192
114 193
114 195
114 199
114 200
115 116
115 117
115 118
115 119
115 123
115 126
115 127
115 129
115 130
115 131
115 132
115 135
115 136
115 137
115 138
115 139
115 142
115 144
115 145
115 146
115 149
115 153
115 155
115 159
115 161
115 166
115 169
115 170
115 172
115 174
115 176
115 178
115 179
115 182
115 183
115 186
115 187
115 190
115 191
115 192
115 193
115 195
115 196
116 118
116 119
116 120
116 121
116 124
116 127
116 128
116 129
116 132
116 137
116 141
116 142
116 144
116 147
116 148
116 149
116 152
116 154
116 156
116 157
116 158
116 159
116 162
116 164
116 165
116 169
116 171
116 174
116 175
116 177
116 179
116 181
116 184
116 186
116 187
116 188
116 189
116 191
116 193
116 194
116 196
116 199
117 121
117 122
117 123
117 125
117 127
117 129
117 134
117 135
117 137
117 142
117 143
117 144
117 145
117 147
117 148
117 149
117 152
117 153
117 155
117 156
117 157
117 159
117 161
117 162
117 163
117 164
117 167
117 168
117 169
117 170
117 171
117 175
117 176
117 177
117 179
117 181
117 182
117 183
117 184
117 185
117 187
117 190
117 193
117 194
117 195
117 196
117 200
118 120
118 123
118 126
118 127
118 129
118 131
118 132
118 134
118 135
118 138
118 139
118 143
118 145
118 146
118 147
118 148
118 150
118 154
118 156
118 158
118 160
118 161
118 165
118 166
118 169
118 171
118 172
118 174
118 175
118 176
118 178
118 181
118 183
118 184
118 186
118 188
118 189
118 190
118 193
118 196
118 199
119 122
119 124
119 125
119 130
119 131
119 132
119 133
119 134
119 136
119 140
119 141
119 144
119 147
119 148
119 149
119 150
119 151
119 154
119 155
119 157
119 159
119 162
119 163
119 164
119 166
119 167
119 173
119 174
119 176
119 178
119 182
119 185
119 187
119 188
119 189
119 194
119 195
119 196
119 197
119 198
119 200
120 121
120 122
120 125
120 126
120 130
120 133
120 135
120 136
120 137
120 138
120 139
120 140
120 142
120 145
120 150
120 151
120 154
120 155
120 157
120 164
120 165
120 167
120 171
120 173
120 174
120 177
120 178
120 180
120 185
120 187
120 188
120 189
120 190
120 192
120 195
120 197
121 125
121 126
121 127
121 128
121 129
121 132
121 133
121 134
121 135
121 137
121 138
121 139
121 140
121 142
121 145
121 146
121 153
121 154
121 155
121 157
121 158
121 162
121 163
121 165
121 171
121 173
121 181
121 182
121 183
121 186
121 187
121 188
121 193
121 195
121 198
122 123
122 128
122 130
122 134
122 137
122 138
122 139
122 143
122 146
122 148
122 149
122 150
122 151
122 154
122 156
122 158
122 163
122 165
122 166
122 167
122 168
122 172
122 173
122 176
122 181
122 182
122 184
122 185
122 186
122 187
122 188
122 189
122 191
122 195
122 197
122 198
122 199
123 124
123 126
123 128
123 129
123 131
123 133
123 134
123 135
123 137
123 138
123 140
123 142
123 146
123 148
123 152
123 153
123 157
123 158
123 159
123 160
123 161
123 165
123 170
123 171
123 173
123 174
123 175
123 176
123 178
123 181
123 183
123 184
123 186
123 187
123 190
123 191
123 193
123 194
123 195
123 196
123 197
123 198
123 199
123 200
124 125
124 131
124 132
124 133
124 134
124 136
124 137
124 138
124 140
124 142
124 144
124 145
124 146
124 147
124 151
124 153
124 154
124 155
124 158
124 159
124 161
124 163
124 165
124 166
124 172
124 176
124 177
124 180
124 181
124 184
124 185
124 186
124 188
124 190
124 191
124 197
124 198
124 200
125 126
125 127
125 128
125 130
125 135
125 137
125 138
125 139
125 142
125 144
125 145
125 146
125 147
125 148
125 151
125 152
125 155
125 156
125 157
125 159
125 160
125 163
125 166
125 170
125 171
125 172
125 173
125 176
125 181
125 184
125 185
125 186
125 188
125 191
125 195
125 198
125 199
125 200
126 128
126 131
126 132
126 133
126 134
126 135
126 136
126 137
126 138
126 140
126 141
126 142
126 144
126 153
126 154
126 158
126 159
126 160
126 162
126 165
126 167
126 169
126 174
126 175
126 178
126 180
126 182
126 187
126 188
126 189
126 190
126 191
126 192
126 193
126 194
126 197
126 199
127 130
127 131
127 132
127 134
127 135
127 138
127 139
127 142
127 144
127 145
127 146
127 149
127 150
127 151
127 153
127 154
127 158
127 159
127 162
127 164
127 165
127 166
127 170
127 171
127 176
127 179
127 181
127 184
127 188
127 189
127 191
127 194
127 196
127 198
127 199
128 131
128 132
128 133
128 134
128 135
128 138
128 141
128 142
128 147
128 148
128 149
128 152
128 160
128 162
128 163
128 164
128 166
128 167
128 168
128 170
128 174
128 175
128 176
128 178
128 179
128 180
128 182
128 184
128 185
128 188
128 192
128 194
128 195
128 197
128 199
129 130
129 132
129 133
129 134
129 135
129 136
129 137
129 138
129 143
129 144
129 145
129 158
129 160
129 161
129 162
129 163
129 164
129 165
129 166
129 167
129 168
129 169
129 170
129 171
129 172
129 173
129 174
129 175
129 176
129 177
129 181
129 182
129 185
129 186
129 187
129 189
129 190
129 191
129 194
129 195
129 196
129 197
129 198
129 199
129 200
130 132
130 133
130 134
130 135
130 136
130 138
130 139
130 140
130 141
130 142
130 143
130 146
130 147
130 150
130 151
130 152
130 154
130 155
130 156
130 157
130 159
130 160
130 161
130 164
130 166
130 170
130 171
130 173
130 175
130 179
130 180
130 183
130 184
130 186
130 188
130 189
130 191
130 192
130 197
130 198
130 199
131 132
131 133
131 134
131 135
131 139
131 140
131 141
131 143
131 144
131 145
131 149
131 150
131 154
131 155
131 156
131 157
131 159
131 161
131 162
131 163
131 164
131 165
131 167
131 172
131 175
131 176
131 179
131 183
131 184
131 186
131 188
131 189
131 190
131 195
131 196
131 198
131 199
131 200
132 134
132 136
132 140
132 141
132 142
132 144
132 147
132 148
132 149
132 150
132 152
132 155
132 161
132 163
132 165
132 167
132 168
132 173
132 175
132 179
132 180
132 181
132 182
132 183
132 187
132 188
132 190
132 191
132 192
132 195
132 196
132 198
132 199
132 200
133 134
133 136
133 137
133 139
133 140
133 142
133 143
133 147
133 154
133 155
133 157
133 158
133 161
133 162
133 163
133 164
133 165
133 166
133 168
133 174
133 176
133 180
133 185
133 188
133 189
133 191
133 192
133 194
133 195
133 198
134 137
134 139
134 142
134 143
134 144
134 146
134 154
134 155
134 156
134 157
134 161
134 163
134 164
134 165
134 169
134 170
134 174
134 176
134 179
134 180
134 181
134 184
134 186
134 188
134 189
134 194
134 195
134 196
134 197
134 198
134 200
135 138
135 139
135 144
135 148
135 149
135 158
135 159
135 161
135 163
135 167
135 168
135 169
135 171
135 174
135 176
135 178
135 181
135 182
135 185
135 189
135 190
135 191
135 193
135 194
135 196
135 197
135 200
136 143
136 144
136 145
136 147
136 150
136 152
136 155
136 156
136 157
136 158
136 163
136 164
136 166
136 167
136 168
136 169
136 170
136 171
136 173
136 175
136 177
136 179
136 182
136 186
136 187
136 191
136 192
136 193
136 195
136 196
136 197
136 198
136 200
137 141
137 142
137 143
137 144
137 145
137 148
137 149
137 151
137 152
137 154
137 155
137 158
137 161
137 163
137 164
137 166
137 168
137 170
137 174
137 175
137 180
137 181
137 183
137 184
137 185
137 186
137 188
137 190
137 193
137 194
137 198
138 139
138 140
138 142
138 143
138 144
138 145
138 148
138 149
138 151
138 152
138 157
138 158
138 159
138 161
138 162
138 163
138 165
138 166
138 169
138 171
138 172
138 173
138 174
138 176
138 177
138 179
138 180
138 182
138 184
138 186
138 188
138 189
138 191
138 192
138 195
138 196
138 199
138 200
139 143
139 145
139 146
139 150
139 151
139 154
139 155
139 156
139 157
139 159
139 160
139 161
139 162
139 163
139 165
139 166
139 167
139 169
139 172
139 174
139 175
139 176
139 178
139 181
139 182
139 184
139 185
139 186
139 187
139 188
139 190
139 191
139 195
139 196
139 199
140 141
140 142
140 144
140 147
140 150
140 151
140 156
140 157
140 161
140 162
140 163
140 164
140 167
140 168
140 170
140 171
140 172
140 173
140 174
140 178
140 180
140 183
140 184
140 189
140 191
140 194
140 196
140 198
141 142
141 143
141 144
141 145
141 146
141 148
141 149
141 150
141 153
141 155
141 156
141 158
141 160
141 161
141 162
141 163
141 164
141 165
141 168
141 172
141 173
141 177
141 179
141 180
141 182
141 188
141 189
141 190
141 193
141 197
141 199
141 200
142 143
142 144
142 146
142 147
142 150
142 155
142 158
142 159
142 160
142 162
142 167
142 169
142 176
142 177
142 180
142 182
142 184
142 185
142 186
142 188
142 189
142 193
142 194
142 200
143 145
143 146
143 147
143 148
143 150
143 153
143 155
143 156
143 163
143 164
143 167
143 168
143 173
143 174
143 176
143 177
143 179
143 182
143 186
143 188
143 189
143 192
143 194
143 195
143 197
143 198
144 146
144 149
144 150
144 151
144 154
144 155
144 156
144 157
144 161
144 163
144 165
144 168
144 170
144 171
144 178
144 180
144 186
144 187
144 188
144 191
144 192
144 196
144 197
144 200
145 146
145 147
145 148
145 152
145 153
145 154
145 156
145 160
145 161
145 165
145 168
145 170
145 172
145 174
145 180
145 182
145 183
145 184
145 187
145 188
145 189
145 193
145 195
145 197
145 198
145 199
145 200
146 147
146 148
146 152
146 154
146 156
146 158
146 160
146 162
146 164
146 166
146 171
146 172
146 175
146 179
146 181
146 182
146 183
146 185
146 186
146 187
146 188
146 189
146 190
146 193
146 195
146 196
146 197
146 198
147 148
147 151
147 154
147 155
147 156
147 157
147 158
147 160
147 161
147 162
147 168
147 170
147 173
147 175
147 178
147 180
147 185
147 187
147 188
147 189
147 192
147 197
147 199
147 200
148 150
148 152
148 155
148 158
148 159
148 160
148 162
148 163
148 164
148 167
148 169
148 170
148 171
148 172
148 173
148 174
148 175
148 184
148 186
148 188
148 190
148 191
148 192
148 196
148 198
148 200
149 150
149 153
149 155
149 158
149 159
149 164
149 165
149 166
149 167
149 168
149 172
149 177
149 178
149 182
149 183
149 184
149 185
149 187
149 188
149 191
149 192
149 193
149 194
149 195
149 196
149 197
149 198
149 200
150 152
150 153
150 155
150 158
150 159
150 160
150 161
150 162
150 163
150 164
150 166
150 167
150 170
150 173
150 177
150 181
150 182
150 184
150 187
150 190
150 191
150 192
150 193
150 197
150 198
150 200
151 153
151 154
151 157
151 158
151 161
151 163
151 164
151 166
151 167
151 168
151 169
151 170
151 175
151 176
151 177
151 179
151 180
151 182
151 183
151 189
151 190
151 191
151 192
151 193
151 194
151 195
151 198
151 199
151 200
152 154
152 155
152 157
152 158
152 163
152 168
152 174
152 178
152 181
152 182
152 183
152 184
152 185
152 186
152 187
152 189
152 190
152 193
152 197
152 198
152 200
153 159
153 160
153 166
153 167
153 168
153 169
153 176
153 179
153 180
153 182
153 183
153 187
153 190
153 192
153 193
153 197
153 198
153 199
154 155
154 158
154 160
154 161
154 163
154 164
154 165
154 168
154 169
154 173
154 175
154 176
154 178
154 181
154 182
154 186
154 188
154 189
154 190
154 191
154 194
154 196
154 200
155 156
155 158
155 159
155 160
155 162
155 164
155 165
155 169
155 170
155 171
155 172
155 176
155 177
155 179
155 181
155 184
155 185
155 186
155 188
155 190
155 191
155 194
155 197
155 199
156 157
156 162
156 168
156 169
156 170
156 171
156 172
156 174
156 179
156 182
156 184
156 186
156 188
156 189
156 190
156 191
156 194
156 198
157 158
157 159
157 160
157 164
157 169
157 170
157 171
157 172
157 173
157 175
157 176
157 177
157 178
157 179
157 181
157 182
157 183
157 184
157 186
157 187
157 189
157 190
157 191
157 192
157 193
157 196
158 159
158 161
158 164
158 166
158 168
158 170
158 173
158 174
158 175
158 176
158 179
158 184
158 188
158 191
158 194
158 195
158 196
158 197
158 198
158 199
159 162
159 164
159 170
159 171
159 172
159 174
159 175
159 177
159 181
159 184
159 186
159 188
159 192
159 198
160 163
160 164
160 166
160 167
160 170
160 171
160 172
160 173
160 174
160 175
160 177
160 178
160 179
160 185
160 186
160 189
160 191
160 192
160 195
160 196
160 197
160 198
160 199
161 162
161 163
161 164
161 166
161 168
161 169
161 171
161 173
161 175
161 177
161 182
161 185
161 186
161 187
161 191
161 194
161 195
161 199
161 200
162 164
162 167
162 169
162 171
162 173
162 175
162 176
162 179
162 180
162 181
162 184
162 185
162 187
162 189
162 190
162 191
162 192
162 194
162 197
162 199
163 166
163 168
163 169
163 172
163 176
163 177
163 178
163 182
163 183
163 185
163 186
163 190
163 192
163 194
163 196
163 197
163 198
163 199
164 168
164 172
164 173
164 176
164 178
164 179
164 180
164 183
164 185
164 187
164 190
164 191
164 192
164 193
164 195
164 197
164 198
164 200
165 166
165 167
165 168
165 171
165 172
165 179
165 181
165 182
165 183
165 184
165 186
165 187
165 188
165 191
165 192
165 193
165 195
165 197
165 199
166 167
166 172
166 173
166 175
166 180
166 183
166 184
166 185
166 186
166 187
166 188
166 191
166 192
166 194
166 198
167 169
167 170
167 172
167 174
167 177
167 179
167 180
167 181
167 182
167 185
167 187
167 188
167 191
167 194
167 195
167 199
168 169
168 171
168 173
168 174
168 177
168 178
168 179
168 180
168 183
168 185
168 189
168 191
168 192
168 193
168 194
168 197
168 198
168 199
168 200
169 174
169 175
169 177
169 178
169 179
169 180
169 182
169 183
169 184
169 185
169 187
169 189
169 190
169 191
169 193
169 198
170 173
170 175
170 180
170 181
170 182
170 184
170 185
170 186
170 188
170 189
170 192
170 194
170 196
170 197
170 198
170 199
170 200
171 172
171 173
171 174
171 175
171 177
171 178
171 181
171 182
171 184
171 192
171 196
171 197
171 199
172 173
172 174
172 175
172 177
172 179
172 186
172 190
172 191
173 175
173 176
173 177
173 180
173 183
173 184
173 186
173 188
173 189
173 191
173 192
173 193
173 195
173 197
173 198
173 199
173 200
174 178
174 180
174 181
174 184
174 186
174 191
174 193
174 194
174 196
174 197
174 198
174 199
175 179
175 181
175 182
175 184
175 186
175 188
175 190
175 191
175 192
175 193
175 194
175 196
175 197
175 198
175 199
176 178
176 180
176 181
176 185
176 187
176 191
176 192
176 195
176 196
176 198
177 178
177 179
177 180
177 182
177 183
177 184
177 186
177 190
177 192
177 193
177 194
177 195
177 197
177 199
178 180
178 181
178 184
178 185
178 186
178 189
178 191
178 192
178 196
178 197
178 199
179 180
179 181
179 185
179 186
179 187
179 188
179 197
179 198
179 199
180 181
180 184
180 186
180 187
180 188
180 189
180 191
180 192
180 193
180 194
180 199
180 200
181 182
181 185
181 188
181 191
181 193
181 197
182 183
182 184
182 186
182 188
182 190
182 191
182 192
182 193
182 194
182 197
182 198
182 199
182 200
183 184
183 187
183 188
183 191
183 192
183 193
183 194
183 195
183 197
183 198
184 185
184 186
184 188
184 189
184 190
184 191
184 194
184 196
184 198
184 200
185 186
185 187
185 188
185 190
185 191
185 193
185 197
185 198
186 187
186 188
186 189
186 191
186 192
186 193
186 194
186 195
186 197
186 198
186 199
187 194
187 198
187 199
187 200
188 192
188 198
188 199
189 190
189 191
189 192
189 194
189 195
189 196
189 199
190 191
190 192
190 193
190 200
191 192
191 193
191 194
191 195
191 196
192 193
192 196
193 195
193 196
193 197
193 200
194 196
194 197
194 198
194 200
195 196
195 198
195 200
196 197
196 199
198 199
198 200
